level	page_num	block_num	par_num	line_num	word_num	left	top	width	height	conf	text
1	1	0	0	0	0	0	0	1948	3075	-1	
2	1	1	0	0	0	60	42	170	22	-1	
3	1	1	1	0	0	60	42	170	22	-1	
4	1	1	1	1	0	60	42	170	22	-1	
5	1	1	1	1	1	60	42	170	22	15.216614	«ΠΩΡΠΤΣΕΟ
2	1	2	0	0	0	47	83	515	5	-1	
3	1	2	1	0	0	47	83	515	5	-1	
4	1	2	1	1	0	47	83	515	5	-1	
5	1	2	1	1	1	47	83	515	5	95.000000	 
2	1	3	0	0	0	127	116	539	62	-1	
3	1	3	1	0	0	127	116	539	62	-1	
4	1	3	1	1	0	127	116	539	62	-1	
5	1	3	1	1	1	127	117	44	48	93.009453	Ἡ
5	1	3	1	1	2	193	116	367	62	88.892830	ἀλληλογραφία
5	1	3	1	1	3	582	133	84	45	96.499046	µας
2	1	4	0	0	0	40	218	706	173	-1	
3	1	4	1	0	0	216	218	354	28	-1	
4	1	4	1	1	0	216	218	354	28	-1	
5	1	4	1	1	1	216	219	107	27	6.526680	(Ῥωνέχεια
5	1	4	1	1	2	338	219	23	21	77.225220	ἐκ
5	1	4	1	1	3	375	220	37	25	93.288269	τῆς
5	1	4	1	1	4	427	218	40	27	25.466118	ὃης
5	1	4	1	1	5	479	218	91	27	91.717606	σελίδος)
3	1	4	2	0	0	40	262	706	129	-1	
4	1	4	2	1	0	40	262	222	22	-1	
5	1	4	2	1	1	40	262	59	22	88.074982	θερμὰ
5	1	4	2	1	2	116	262	146	22	88.074982	εὐχαριστοῦμε.
4	1	4	2	2	0	64	297	325	20	-1	
5	1	4	2	2	1	64	303	17	11	96.125504	κ.
5	1	4	2	2	2	101	297	54	17	93.242409	ΠΑΝ.
5	1	4	2	2	3	178	297	135	20	91.365692	ΚΑΛΑΤΖΗΝ,
5	1	4	2	2	4	335	297	54	17	95.076599	ΗΠΑ:
4	1	4	2	3	0	40	332	706	23	-1	
5	1	4	2	3	1	40	334	35	21	93.245430	τὴν
5	1	4	2	3	2	90	333	124	22	91.698151	ἐνισχυμένην
5	1	4	2	3	3	233	333	96	21	90.868942	συνδροµή
5	1	4	2	3	4	346	338	42	16	93.148621	σας.
5	1	4	2	3	5	406	333	64	22	89.368896	Θερμὰ
5	1	4	2	3	6	489	332	139	23	89.368896	εὐχαριστοῦμε
5	1	4	2	3	7	640	332	32	22	55.682072	Υιὰ
5	1	4	2	3	8	681	332	24	17	93.165939	τὰ
5	1	4	2	3	9	713	338	33	11	93.165939	κα-
4	1	4	2	4	0	40	368	706	23	-1	
5	1	4	2	4	1	40	368	26	18	86.665939	λά
5	1	4	2	4	2	81	374	35	16	96.381439	σας
5	1	4	2	4	3	131	368	65	22	93.286903	λόγια.
5	1	4	2	4	4	212	368	52	17	91.790558	Πολὺ
5	1	4	2	4	5	278	368	125	22	82.799606	λυπηθήκαμε
5	1	4	2	4	6	415	368	32	22	96.151131	γιὰ
5	1	4	2	4	7	462	368	35	23	13.421188	τὴν
5	1	4	2	4	8	509	368	87	18	92.135323	ἀπώλεια
5	1	4	2	4	9	609	369	38	17	95.966843	τῶν
5	1	4	2	4	10	661	368	85	22	95.966843	φύλλων.
2	1	5	0	0	0	62	404	685	22	-1	
3	1	5	1	0	0	62	404	685	22	-1	
4	1	5	1	1	0	62	404	685	22	-1	
5	1	5	1	1	1	62	410	18	11	95.960846	κ.
5	1	5	1	1	2	96	404	47	17	91.305908	ΝΙΚ.
5	1	5	1	1	3	161	404	125	20	91.305908	ΡΑΒΒΑΡΗΝ,
5	1	5	1	1	4	302	404	54	17	91.590004	ΗΠΑ:
5	1	5	1	1	5	372	404	100	22	73.536285	᾿Ἐπήραμε
5	1	5	1	1	6	492	405	22	16	93.302887	τὸ
5	1	5	1	1	7	531	404	79	21	80.329651	γράµµα
5	1	5	1	1	8	629	409	36	16	96.820503	σας
5	1	5	1	1	9	685	404	30	17	96.757538	καὶ
5	1	5	1	1	10	724	404	23	22	96.960716	τὴ
2	1	6	0	0	0	40	439	740	23	-1	
3	1	6	1	0	0	40	439	740	23	-1	
4	1	6	1	1	0	40	439	740	23	-1	
5	1	6	1	1	1	40	440	99	22	91.004189	συνδροµή
5	1	6	1	1	2	156	445	36	16	93.296852	σας.
5	1	6	1	1	3	218	440	141	22	88.453400	Εὐχαριστοῦμε
5	1	6	1	1	4	375	440	59	22	54.662560	θερμά
5	1	6	1	1	5	451	440	30	17	93.302429	καὶ
5	1	6	1	1	6	496	439	94	22	91.556259	εὐχόμεθα
5	1	6	1	1	7	607	439	65	18	93.290184	πάντα
5	1	6	1	1	8	685	439	61	22	92.531914	ὑγεία.
5	1	6	1	1	9	760	455	20	5	0.000000	:ς
2	1	7	0	0	0	39	475	450	94	-1	
3	1	7	1	0	0	39	475	450	94	-1	
4	1	7	1	1	0	39	475	390	22	-1	
5	1	7	1	1	1	39	475	86	22	84.188530	Δεχθῆτε
5	1	7	1	1	2	141	476	35	21	91.348518	τὴν
5	1	7	1	1	3	194	475	91	22	85.107185	ἰδιαίτερη
5	1	7	1	1	4	302	475	67	22	90.553207	ἀγάπη
5	1	7	1	1	5	387	480	42	17	95.013435	µας.
4	1	7	1	2	0	63	511	426	19	-1	
5	1	7	1	2	1	63	517	18	11	64.016182	κ.
5	1	7	1	2	2	99	511	139	17	90.067490	ΔΗΜΗΤΡΙΟΝ
5	1	7	1	2	3	256	511	159	19	92.004433	ΓΕΩΡΓΟΥΛΗΝ,
5	1	7	1	2	4	434	511	55	17	95.855934	ΗΠΑ:
4	1	7	1	3	0	40	546	398	23	-1	
5	1	7	1	3	1	40	551	37	17	93.299370	σας
5	1	7	1	3	2	95	547	22	21	85.086174	µέ
5	1	7	1	3	3	135	546	97	23	91.138527	συνδροµή
5	1	7	1	3	4	250	552	36	16	96.581169	σας
5	1	7	1	3	5	301	546	30	18	93.301994	καὶ
5	1	7	1	3	6	347	546	91	22	0.000000	εὐχαριστ
2	1	8	0	0	0	40	510	707	125	-1	
3	1	8	1	0	0	40	510	707	94	-1	
4	1	8	1	1	0	512	510	235	23	-1	
5	1	8	1	1	1	512	511	97	22	44.463535	Ἐλόδαμε
5	1	8	1	1	2	612	506	3	32	18.380203	.
5	1	8	1	1	3	627	511	23	17	96.263420	τὸ
5	1	8	1	1	4	668	510	79	23	88.094398	γράμμα
4	1	8	1	2	0	440	545	307	24	-1	
5	1	8	1	2	1	440	547	47	21	15.685883	οὓμε
5	1	8	1	2	2	505	545	89	24	89.761154	ἀπείρως,
5	1	8	1	2	3	611	546	91	22	84.678787	ἰδιαίτερα
5	1	8	1	2	4	714	545	33	23	89.230255	γιὰ
4	1	8	1	3	0	40	581	482	23	-1	
5	1	8	1	3	1	40	582	24	17	96.251083	τὰ
5	1	8	1	3	2	80	582	51	17	95.251740	καλά
5	1	8	1	3	3	145	588	35	16	96.431442	σας
5	1	8	1	3	4	195	582	63	22	93.304848	λόγια,
5	1	8	1	3	5	273	581	94	23	92.403870	εὐχόμεθα
5	1	8	1	3	6	381	582	65	17	93.274857	πάντα
5	1	8	1	3	7	462	582	60	21	92.496742	ὑγεία.
3	1	8	2	0	0	63	618	296	17	-1	
4	1	8	2	1	0	63	618	296	17	-1	
5	1	8	2	1	1	63	624	18	11	93.289062	κ.
5	1	8	2	1	2	101	618	74	16	90.257736	ΑΘΑΝ.
5	1	8	2	1	3	194	619	21	16	89.911705	Η.
5	1	8	2	1	4	235	618	124	16	89.742516	ΠΕΡΔΙΚΗΝ:
2	1	9	0	0	0	40	653	722	23	-1	
3	1	9	1	0	0	40	653	722	23	-1	
4	1	9	1	1	0	40	653	722	23	-1	
5	1	9	1	1	1	40	659	34	16	90.399025	νην
5	1	9	1	1	2	90	654	109	21	89.779915	συνδροµήν
5	1	9	1	1	3	215	659	34	16	96.783745	σας
5	1	9	1	1	4	268	653	29	17	93.300484	καὶ
5	1	9	1	1	5	313	653	138	23	92.735405	εὐχαριστοῦμε
5	1	9	1	1	6	468	653	67	22	12.333389	θερμά.
5	1	9	1	1	7	554	653	27	17	92.324486	Μέ
5	1	9	1	1	8	596	653	65	22	92.324486	πολλὴ
5	1	9	1	1	9	676	653	71	22	64.264694	«ἀγάπη
5	1	9	1	1	10	761	654	1	5	17.075035	'
2	1	10	0	0	0	40	689	605	99	-1	
3	1	10	1	0	0	40	689	605	99	-1	
4	1	10	1	1	0	40	689	309	22	-1	
5	1	10	1	1	1	40	689	96	22	92.893303	εὐχόμεθα
5	1	10	1	1	2	153	690	54	21	92.301369	ὑγεία
5	1	10	1	1	3	223	689	29	17	96.426857	καὶ
5	1	10	1	1	4	270	689	79	22	59.882008	δύναμη.
4	1	10	1	2	0	65	730	427	20	-1	
5	1	10	1	2	1	65	737	17	10	93.218346	κ.
5	1	10	1	2	2	99	731	128	16	91.999710	ΠΑΝΤΕΛΗΝ
5	1	10	1	2	3	246	730	174	20	88.829193	ΚΑΡΑΒΟΥΛΙΑΝ,
5	1	10	1	2	4	437	730	55	17	89.235870	ΗΠΑ:
4	1	10	1	3	0	41	765	604	23	-1	
5	1	10	1	3	1	41	771	37	17	93.297005	σας
5	1	10	1	3	2	91	766	23	22	83.414230	µέ
5	1	10	1	3	3	128	766	24	22	90.898567	τὴ
5	1	10	1	3	4	167	766	98	22	90.457352	συνδροµή
5	1	10	1	3	5	281	771	36	16	96.664673	σας
5	1	10	1	3	6	331	766	30	17	93.304733	καὶ
5	1	10	1	3	7	377	766	36	21	91.306946	σᾶς
5	1	10	1	3	8	426	765	139	23	92.486465	εὐχαριστοῦμε
5	1	10	1	3	9	578	766	67	22	43.408165	θερμά.
2	1	11	0	0	0	41	730	707	94	-1	
3	1	11	1	0	0	41	730	707	94	-1	
4	1	11	1	1	0	514	730	234	22	-1	
5	1	11	1	1	1	514	730	96	22	58.001534	Ἐλάθδαμε
5	1	11	1	1	2	628	731	23	16	96.700569	τὸ
5	1	11	1	1	3	669	730	79	22	26.887062	γράμμα
4	1	11	1	2	0	663	765	83	18	-1	
5	1	11	1	2	1	663	765	83	18	0.000000	"Ιδιαίτε-
4	1	11	1	3	0	41	801	301	23	-1	
5	1	11	1	3	1	41	807	25	17	93.656998	ρα
5	1	11	1	3	2	79	802	32	21	96.511353	γιὰ
5	1	11	1	3	3	127	802	23	17	96.063293	τὰ
5	1	11	1	3	4	164	802	50	17	82.311584	Καλά
5	1	11	1	3	5	227	807	36	16	96.098686	σας
5	1	11	1	3	6	279	801	63	21	96.378815	λόγια.
2	1	12	0	0	0	65	836	697	30	-1	
3	1	12	1	0	0	65	836	697	30	-1	
4	1	12	1	1	0	65	836	697	30	-1	
5	1	12	1	1	1	65	843	17	11	90.560928	κ.
5	1	12	1	1	2	102	837	93	17	90.560928	ΣΠΥΡΟΝ
5	1	12	1	1	3	212	836	200	21	91.449951	ΜΙΧΑΛΟΠΟΥΛΟΝ,
5	1	12	1	1	4	428	837	54	17	37.859581	ΗΠΑ:
5	1	12	1	1	5	505	837	142	22	37.859581	Εὐχαριστοῦμε
5	1	12	1	1	6	665	836	79	23	90.688553	ἀπείρως
5	1	12	1	1	7	760	859	2	7	25.740112	;
2	1	13	0	0	0	40	872	707	91	-1	
3	1	13	1	0	0	40	872	707	91	-1	
4	1	13	1	1	0	41	872	706	22	-1	
5	1	13	1	1	1	41	873	32	21	96.607864	γιὰ
5	1	13	1	1	2	88	873	24	16	91.827347	τὸ
5	1	13	1	1	3	125	872	78	22	74.821274	γράµµα
5	1	13	1	1	4	216	878	35	15	93.299561	σας
5	1	13	1	1	5	267	873	21	21	81.547722	µέ
5	1	13	1	1	6	301	873	24	21	93.303116	τὴ
5	1	13	1	1	7	340	873	98	21	89.455231	συνδροµή
5	1	13	1	1	8	454	877	35	16	92.338287	σας.
5	1	13	1	1	9	511	872	103	22	84.496269	"Ιδιαίερα
5	1	13	1	1	10	627	873	32	21	96.702202	γιὰ
5	1	13	1	1	11	672	872	24	17	93.152580	τὰ
5	1	13	1	1	12	705	872	42	22	88.060936	θερ-
4	1	13	1	2	0	40	907	588	23	-1	
5	1	13	1	2	1	40	908	27	22	85.696793	µά
5	1	13	1	2	2	84	913	36	17	95.983063	σας
5	1	13	1	2	3	128	908	58	22	95.983063	λόγια
5	1	13	1	2	4	202	908	29	17	93.305222	Καὶ
5	1	13	1	2	5	247	909	35	20	91.268280	σᾶς
5	1	13	1	2	6	299	910	126	20	52.594765	περιμένουμε
5	1	13	1	2	7	441	909	22	20	84.606819	µέ
5	1	13	1	2	8	478	907	75	23	91.379501	µεγάλη
5	1	13	1	2	9	569	908	59	22	86.783417	χαρά.
4	1	13	1	3	0	65	943	376	20	-1	
5	1	13	1	3	1	65	949	17	12	89.345230	κ.
5	1	13	1	3	2	99	943	136	17	89.345230	ΔΙΟΝΥΣΙΟΝ
5	1	13	1	3	3	254	943	116	20	92.569489	ΚΟΥΤΡΟΝ,
5	1	13	1	3	4	387	943	54	18	96.663345	ΗΠΑ:
2	1	14	0	0	0	40	973	722	28	-1	
3	1	14	1	0	0	40	973	722	28	-1	
4	1	14	1	1	0	40	973	722	28	-1	
5	1	14	1	1	1	40	979	31	17	93.112946	καὶ
5	1	14	1	1	2	87	979	139	22	91.578278	εὐχαριστοῦμε
5	1	14	1	1	3	240	979	59	22	91.613205	θερμὰ
5	1	14	1	1	4	315	979	31	21	96.683174	γιὰ
5	1	14	1	1	5	362	979	23	17	93.290802	τὸ
5	1	14	1	1	6	401	979	118	22	51.104218	ἐνδιαφέρον.
5	1	14	1	1	7	535	979	26	17	92.914513	Μέ
5	1	14	1	1	8	577	980	24	16	96.261223	τὸ
5	1	14	1	1	9	614	978	49	18	88.623039	καλό
5	1	14	1	1	10	679	978	24	18	92.860924	νὰ
5	1	14	1	1	11	711	979	37	22	0.000000	σᾶς
2	1	15	0	0	0	40	1015	709	600	-1	
3	1	15	1	0	0	41	1015	101	22	-1	
4	1	15	1	1	0	41	1015	101	22	-1	
5	1	15	1	1	1	41	1015	101	22	70.805130	δεχτοῦμε.
3	1	15	2	0	0	40	1050	443	58	-1	
4	1	15	2	1	0	63	1050	409	22	-1	
5	1	15	2	1	1	63	1056	18	12	62.999119	κ.
5	1	15	2	1	2	100	1050	55	18	93.260277	ΚΩΝ.
5	1	15	2	1	3	175	1050	183	20	91.330910	ΣΚΡΟΥΜΠΕΛΟΝ,
5	1	15	2	1	4	369	1050	103	22	78.489395	Ρουμανία:
4	1	15	2	2	0	40	1085	443	23	-1	
5	1	15	2	2	1	40	1086	50	17	93.293098	πόσο
5	1	15	2	2	2	108	1086	50	17	73.771278	καλὰ
5	1	15	2	2	3	174	1085	63	21	95.990417	λόγια,
5	1	15	2	2	4	256	1086	52	18	65.075455	πολὺ
5	1	15	2	2	5	323	1086	36	22	65.075455	 μᾶς
5	1	15	2	2	6	375	1086	108	22	96.807808	συγκίνησε.
3	1	15	3	0	0	41	1127	707	105	-1	
4	1	15	3	1	0	64	1127	684	23	-1	
5	1	15	3	1	1	64	1134	18	10	92.966370	κ.
5	1	15	3	1	2	99	1127	113	17	88.305443	ΓΕΩΡΓΙΟΝ
5	1	15	3	1	3	228	1127	161	20	91.768463	ΜΑΥΡΟΕΙΔΗΝ,
5	1	15	3	1	4	515	1127	96	22	79.246353	᾿Ἐλάδαμε
5	1	15	3	1	5	626	1127	122	23	91.522064	ἐνισχυμένην
4	1	15	3	2	0	41	1148	707	58	-1	
5	1	15	3	2	1	41	1163	110	22	84.402420	συνδρομὴν
5	1	15	3	2	2	166	1163	29	17	93.298767	καὶ
5	1	15	3	2	3	211	1163	139	22	92.812317	εὐχαριστοῦμε
5	1	15	3	2	4	367	1163	67	22	28.390106	θερμά.
5	1	15	3	2	5	450	1163	97	24	81.226929	Εὐχόμεθα
5	1	15	3	2	6	564	1162	55	22	91.511688	ὑγεία
5	1	15	3	2	7	635	1163	30	17	96.662743	καὶ
5	1	15	3	2	8	678	1148	70	58	26.587830	συνέχῆ
4	1	15	3	3	0	41	1198	689	34	-1	
5	1	15	3	3	1	41	1198	79	23	52.403011	ἀνοδικὴ
5	1	15	3	3	2	137	1199	84	21	43.858688	πρόοδο.
5	1	15	3	3	3	598	1202	1	8	45.699917	|
5	1	15	3	3	4	718	1199	12	33	55.930595	/
3	1	15	4	0	0	42	1225	704	67	-1	
4	1	15	4	1	0	64	1234	682	23	-1	
5	1	15	4	1	1	64	1240	18	11	92.917526	κ.
5	1	15	4	1	2	100	1234	75	17	91.703552	ΗΛΙΑΝ
5	1	15	4	1	3	194	1234	21	17	91.239159	Χ.
5	1	15	4	1	4	232	1234	138	21	92.300148	ΚΑΤΣΑΡΟΝ,
5	1	15	4	1	5	388	1234	85	18	80.408821	Καναδᾶ:
5	1	15	4	1	6	493	1234	77	23	84.080421	Πήραμε
5	1	15	4	1	7	584	1239	24	13	65.391945	τὸ
5	1	15	4	1	8	638	1234	108	23	42.490746	Ὑράμμα/σο:
4	1	15	4	2	0	42	1210	686	82	-1	
5	1	15	4	2	1	42	1269	30	18	96.857185	καὶ
5	1	15	4	2	2	87	1271	24	16	93.302757	τὸ
5	1	15	4	2	3	127	1270	52	22	91.279648	δῶρο
5	1	15	4	2	4	193	1270	30	17	93.292557	καὶ
5	1	15	4	2	5	239	1270	139	22	92.308701	εὐχαριστοῦμε
5	1	15	4	2	6	392	1270	59	22	63.571472	θερμἀ
5	1	15	4	2	7	465	1270	32	21	95.390022	γιὰ
5	1	15	4	2	8	514	1270	24	17	96.489014	τὰ
5	1	15	4	2	9	552	1210	176	82	0.000000	τοσο
3	1	15	5	0	0	41	1305	707	93	-1	
4	1	15	5	1	0	66	1305	682	23	-1	
5	1	15	5	1	1	66	1311	17	12	84.336884	κ.
5	1	15	5	1	2	101	1306	47	17	92.907288	ΝΙΚ.
5	1	15	5	1	3	167	1306	18	16	86.119644	Γ.
5	1	15	5	1	4	202	1305	165	20	92.265640	ΜΑΝΕΣΙΩΤΗΝ,
5	1	15	5	1	5	385	1305	139	23	90.526688	Θεσσαλονίκη:
5	1	15	5	1	6	545	1305	65	22	78.651573	Θερμὰ
5	1	15	5	1	7	624	1305	124	23	91.239578	εὐχαριστοῦ-
4	1	15	5	2	0	42	1340	706	23	-1	
5	1	15	5	2	1	42	1346	22	17	96.255211	µε
5	1	15	5	2	2	80	1341	25	21	77.159363	γι’
5	1	15	5	2	3	120	1341	100	21	91.563194	ἀνανέωση
5	1	15	5	2	4	234	1341	109	21	90.433167	συνδρομῆς
5	1	15	5	2	5	359	1346	42	16	93.284981	σας.
5	1	15	5	2	6	416	1341	140	21	11.872284	Παρακαλοῦμε
5	1	15	5	2	7	569	1341	23	22	96.235634	τὴ
5	1	15	5	2	8	608	1341	34	17	95.703896	νέα
5	1	15	5	2	9	655	1346	36	16	93.292656	σας
5	1	15	5	2	10	700	1340	48	18	92.595932	διεύ-
4	1	15	5	3	0	41	1367	445	31	-1	
5	1	15	5	3	1	41	1376	60	22	92.642403	θυνση
5	1	15	5	3	2	484	1367	2	3	0.000000	[
3	1	15	6	0	0	41	1411	423	58	-1	
4	1	15	6	1	0	66	1411	398	26	-1	
5	1	15	6	1	1	66	1417	17	12	91.404198	κ.
5	1	15	6	1	2	100	1412	70	16	31.754211	ΘΕΟΑ.
5	1	15	6	1	3	190	1412	20	25	84.752335	Β.
5	1	15	6	1	4	227	1411	103	18	84.752335	ΜΟΡΦΗΝ.
5	1	15	6	1	5	345	1411	119	23	88.908463	Αὐστραλία:
4	1	15	6	2	0	41	1447	128	22	-1	
5	1	15	6	2	1	41	1447	30	18	95.879593	καὶ
5	1	15	6	2	2	86	1447	83	22	95.430504	πρόοδο.
3	1	15	7	0	0	42	1483	707	128	-1	
4	1	15	7	1	0	65	1483	683	23	-1	
5	1	15	7	1	1	65	1489	18	11	65.402267	κ.
5	1	15	7	1	2	104	1483	61	17	92.155960	ΙΩΑΝ.
5	1	15	7	1	3	181	1483	23	16	91.229950	Δ.
5	1	15	7	1	4	222	1483	176	20	91.229950	ΚΑΡΑΓΙΑΝΝΗΝ,
5	1	15	7	1	5	416	1483	54	17	96.157524	ΗΠΑ:
5	1	15	7	1	6	490	1483	38	23	92.319267	Δέν
5	1	15	7	1	7	543	1483	91	23	58.510521	δρίσουµε
5	1	15	7	1	8	651	1483	97	22	91.626114	κατάλλη-
4	1	15	7	2	0	42	1518	707	23	-1	
5	1	15	7	2	1	42	1518	27	19	96.791000	λα
5	1	15	7	2	2	86	1519	57	21	94.776131	λόγια
5	1	15	7	2	3	161	1520	23	16	92.087318	νὰ
5	1	15	7	2	4	201	1520	35	20	89.237450	σᾶς
5	1	15	7	2	5	262	1519	145	21	81.437485	ἀπαντήσουμε,
5	1	15	7	2	6	424	1520	36	16	96.270576	στὸ
5	1	15	7	2	7	475	1518	74	22	92.389938	γεμάτο
5	1	15	7	2	8	574	1519	132	22	73.671539	πατριωτισμὸ
5	1	15	7	2	9	719	1519	30	17	96.505661	καὶ
4	1	15	7	3	0	43	1553	706	22	-1	
5	1	15	7	3	1	43	1553	67	22	92.188087	ἀγάπη
5	1	15	7	3	2	125	1553	79	22	79.503433	γράµµα
5	1	15	7	3	3	217	1558	43	16	96.187149	σας.
5	1	15	7	3	4	276	1553	29	17	95.932526	Τὰ
5	1	15	7	3	5	320	1553	50	17	96.624153	καλά
5	1	15	7	3	6	384	1558	35	16	96.887627	σας
5	1	15	7	3	7	433	1553	57	22	96.682137	λόγια
5	1	15	7	3	8	505	1553	32	22	96.065857	γιὰ
5	1	15	7	3	9	551	1553	34	22	93.298798	τὴν
5	1	15	7	3	10	601	1553	104	22	90.934196	ἐφημερίδα
5	1	15	7	3	11	712	1558	37	17	96.744614	µας
4	1	15	7	4	0	42	1577	707	38	-1	
5	1	15	7	4	1	42	1588	30	18	93.298050	καὶ
5	1	15	7	4	2	91	1588	11	23	87.688828	ἡ
5	1	15	7	4	3	119	1588	91	22	87.688828	ἐνίσχυσή
5	1	15	7	4	4	225	1585	38	25	96.674683	της
5	1	15	7	4	5	277	1589	21	17	93.274033	ἐκ
5	1	15	7	4	6	314	1589	70	21	89.030716	µέρους
5	1	15	7	4	7	399	1589	35	16	94.178192	τοῦ
5	1	15	7	4	8	455	1577	103	38	86.296646	Συλλόγου
5	1	15	7	4	9	576	1594	43	16	93.043709	σας,
5	1	15	7	4	10	637	1588	63	17	84.038124	δεθειὰ
5	1	15	7	4	11	712	1589	37	21	91.428345	μᾶς
2	1	16	0	0	0	406	1085	270	65	-1	
3	1	16	1	0	0	406	1085	270	65	-1	
4	1	16	1	1	0	503	1085	173	23	-1	
5	1	16	1	1	1	503	1086	98	22	91.773193	Ἐὐχόμεθα
5	1	16	1	1	2	616	1085	60	23	91.308693	ὑγεία.
4	1	16	1	2	0	406	1128	89	22	-1	
5	1	16	1	2	1	406	1128	89	22	68.917107	᾿Αθήνας:
2	1	17	0	0	0	488	1411	261	22	-1	
3	1	17	1	0	0	488	1411	261	22	-1	
4	1	17	1	1	0	488	1411	261	22	-1	
5	1	17	1	1	1	488	1411	99	22	68.356438	Εὐχόμεθα
5	1	17	1	1	2	601	1411	64	18	91.412392	πάντα
5	1	17	1	1	3	695	1411	54	22	12.857651	ὑγεία
2	1	18	0	0	0	41	1624	709	282	-1	
3	1	18	1	0	0	41	1624	124	22	-1	
4	1	18	1	1	0	41	1624	124	22	-1	
5	1	18	1	1	1	41	1624	124	22	90.738228	συγκίνησαν.
3	1	18	2	0	0	42	1660	403	58	-1	
4	1	18	2	1	0	66	1660	379	22	-1	
5	1	18	2	1	1	66	1666	18	11	85.344788	κ.
5	1	18	2	1	2	101	1660	58	17	92.834381	ΔΗΜ.
5	1	18	2	1	3	175	1660	160	19	91.163322	ΤΣΟΥΜΑΝΑΝ,
5	1	18	2	1	4	357	1660	88	22	96.502388	Σπάρτη:
4	1	18	2	2	0	42	1695	277	23	-1	
5	1	18	2	2	1	42	1701	36	16	93.058846	σας
5	1	18	2	2	2	96	1695	59	23	91.647980	θερμὰ
5	1	18	2	2	3	173	1695	146	23	92.096786	εὐχαριστοῦμε.
3	1	18	3	0	0	42	1737	708	94	-1	
4	1	18	3	1	0	66	1737	684	23	-1	
5	1	18	3	1	1	66	1743	17	11	91.449524	κ.
5	1	18	3	1	2	103	1737	82	17	91.449524	ΕΥΑΓΓ.
5	1	18	3	1	3	205	1737	164	20	91.703888	ΓΚΟΥΖΟΥΛΗΝ,
5	1	18	3	1	4	386	1737	102	17	92.203743	Καλλιθέα:
5	1	18	3	1	5	514	1737	31	17	91.613350	Γιὰ
5	1	18	3	1	6	561	1737	35	22	93.261353	τὴν
5	1	18	3	1	7	612	1737	91	22	92.077400	ἐνίσχυση
5	1	18	3	1	8	715	1737	35	23	96.828918	τῆς
4	1	18	3	2	0	42	1772	708	23	-1	
5	1	18	3	2	1	42	1773	115	22	92.180046	ἐφημερίδας
5	1	18	3	2	2	173	1778	36	16	93.280830	µας
5	1	18	3	2	3	224	1773	138	22	91.788010	εὐχαριστοῦμε
5	1	18	3	2	4	377	1773	60	22	51.252068	θερμά
5	1	18	3	2	5	453	1773	30	17	93.304108	καὶ
5	1	18	3	2	6	497	1773	36	21	91.008919	σᾶς
5	1	18	3	2	7	547	1772	95	22	91.939400	εὐχόμεθα
5	1	18	3	2	8	657	1772	55	23	92.954697	ὑγεία
5	1	18	3	2	9	719	1772	31	18	96.813141	καὶ
4	1	18	3	3	0	43	1809	81	22	-1	
5	1	18	3	3	1	43	1809	81	22	76.286926	δύναμη.
3	1	18	4	0	0	44	1844	706	62	-1	
4	1	18	4	1	0	67	1844	683	20	-1	
5	1	18	4	1	1	67	1850	18	11	91.744324	κ.
5	1	18	4	1	2	98	1850	18	11	91.744324	κ.
5	1	18	4	1	3	132	1844	27	17	95.362198	ΕΥ.
5	1	18	4	1	4	182	1845	40	16	93.299728	ΑΘ.
5	1	18	4	1	5	236	1844	147	20	90.932861	ΑΝΔΡΙΑΝΟΝ,
5	1	18	4	1	6	399	1844	40	17	69.511108	ΑΘ.
5	1	18	4	1	7	454	1844	19	17	79.718956	Γ.
5	1	18	4	1	8	489	1844	94	20	92.587875	ΒΥΝΙΟΝ,
5	1	18	4	1	9	600	1844	20	17	91.435486	Γ.
5	1	18	4	1	10	635	1844	22	18	89.729088	Η.
5	1	18	4	1	11	672	1844	78	17	89.167152	ΠΕΡΔΙ-
4	1	18	4	2	0	44	1879	705	27	-1	
5	1	18	4	2	1	44	1880	54	20	92.948303	ΚΗΝ,
5	1	18	4	2	2	116	1880	19	17	88.542557	Γ.
5	1	18	4	2	3	155	1880	21	17	39.497395	Ἡ.
5	1	18	4	2	4	195	1880	121	20	91.530563	ΑΛΟΥΠΗΝ,
5	1	18	4	2	5	338	1880	54	17	91.527115	ΣΩΚ.
5	1	18	4	2	6	410	1879	100	20	85.119011	ΚΟΨΙΑΝ,
5	1	18	4	2	7	530	1879	81	19	92.219429	ΝΑΚΟΝ
5	1	18	4	2	8	627	1879	122	27	59.712185	ΑΛΟΥΠΗΝ,
2	1	19	0	0	0	470	1659	280	23	-1	
3	1	19	1	0	0	470	1659	280	23	-1	
4	1	19	1	1	0	470	1659	280	23	-1	
5	1	19	1	1	1	470	1660	31	17	91.176941	Γιὰ
5	1	19	1	1	2	521	1660	111	22	91.176941	ἐνισχυμένη
5	1	19	1	1	3	651	1659	99	23	10.978081	συνδρομή
2	1	20	0	0	0	44	1915	721	26	-1	
3	1	20	1	0	0	44	1915	721	26	-1	
4	1	20	1	1	0	44	1915	721	26	-1	
5	1	20	1	1	1	44	1916	58	17	86.128822	ΔΗΜ.
5	1	20	1	1	2	122	1916	128	19	86.128822	ΛΑΓΓΙΔΗΝ,
5	1	20	1	1	3	271	1916	21	17	89.062065	Π.
5	1	20	1	1	4	310	1915	219	20	92.019165	ΔΗΜΗΤΡΟΠΟΥΛΟΝ,
5	1	20	1	1	5	548	1916	67	17	87.565163	ΕΥΑΓ.
5	1	20	1	1	6	638	1915	127	26	60.794273	ΣΤΑΒΑΡΙ-
5	1	20	1	1	7	756	1911	13	34	85.276306	|
2	1	21	0	0	0	43	1950	709	1038	-1	
3	1	21	1	0	0	44	1950	706	135	-1	
4	1	21	1	1	0	44	1950	706	23	-1	
5	1	21	1	1	1	44	1951	55	19	92.823021	ΔΗΝ,
5	1	21	1	1	2	118	1952	50	16	90.022331	ΔΗΜ.
5	1	21	1	1	3	196	1952	23	16	89.261765	Α.
5	1	21	1	1	4	240	1951	114	17	89.261765	ΑΛΟΥΠΗΝ
5	1	21	1	1	5	374	1951	30	17	95.788841	καὶ
5	1	21	1	1	6	421	1951	66	22	92.591461	κυρίας
5	1	21	1	1	7	507	1950	117	19	92.206284	ΕΥΓΕΝΙΑΝ
5	1	21	1	1	8	642	1951	108	18	18.518257	ΛΑΜΠΡΑ-
4	1	21	1	2	0	44	1986	706	23	-1	
5	1	21	1	2	1	44	1987	53	20	91.360062	ΚΟΥ,
5	1	21	1	2	2	116	1987	93	20	88.929611	ΚΩΝ)ΝΑ
5	1	21	1	2	3	228	1987	79	17	91.574562	ΑΣΙΜΗ
5	1	21	1	2	4	326	1987	30	17	93.059250	καὶ
5	1	21	1	2	5	374	1987	118	17	91.494087	ΧΡΙΣΤΙΝΑ
5	1	21	1	2	6	511	1987	71	17	92.599464	ΔΕΛΗ.
5	1	21	1	2	7	600	1986	98	23	75.574844	᾿Ἐλάδαμε
5	1	21	1	2	8	710	1986	40	18	95.750046	ἀπὸ
4	1	21	1	3	0	44	2022	706	23	-1	
5	1	21	1	3	1	44	2028	17	12	68.674599	κ.
5	1	21	1	3	2	76	2023	18	16	91.929451	Β.
5	1	21	1	3	3	114	2023	103	22	44.390099	Καραλέμα
5	1	21	1	3	4	234	2023	119	22	91.777664	ἐνισχυμένες
5	1	21	1	3	5	371	2022	107	22	51.359772	συνδρομές
5	1	21	1	3	6	494	2028	43	16	95.026154	σας,
5	1	21	1	3	7	553	2022	52	18	92.863045	πολὺ
5	1	21	1	3	8	623	2023	37	21	92.863045	σᾶς
5	1	21	1	3	9	675	2022	75	23	89.783737	εὐχαρι-
4	1	21	1	4	0	44	2058	426	27	-1	
5	1	21	1	4	1	44	2059	71	21	91.034248	στοῦμε
5	1	21	1	4	2	131	2058	30	18	85.284843	καὶ
5	1	21	1	4	3	177	2059	36	21	92.505447	σᾶς
5	1	21	1	4	4	227	2058	96	22	93.060867	εὐχόμεθα
5	1	21	1	4	5	334	2054	65	35	93.289375	πάντα
5	1	21	1	4	6	415	2058	55	21	89.777306	ὑγεία
3	1	21	2	0	0	43	2099	443	58	-1	
4	1	21	2	1	0	67	2099	419	22	-1	
5	1	21	2	1	1	67	2105	17	11	90.436134	κ.
5	1	21	2	1	2	103	2099	21	17	90.436134	Ν.
5	1	21	2	1	3	142	2099	18	17	91.522362	Β.
5	1	21	2	1	4	178	2099	152	20	91.995064	ΤΣΑΓΚΑΡΗΝ,
5	1	21	2	1	5	347	2099	89	22	79.911255	᾿Αθήνας:
5	1	21	2	1	6	457	2099	29	17	72.483635	Δι
4	1	21	2	2	0	43	2135	282	22	-1	
5	1	21	2	2	1	43	2140	43	16	93.296890	σας,
5	1	21	2	2	2	103	2135	138	22	92.178505	εὐχαριστοῦμε
5	1	21	2	2	3	259	2135	66	22	84.480576	θερµά.
3	1	21	3	0	0	44	2170	706	89	-1	
4	1	21	3	1	0	67	2170	330	19	-1	
5	1	21	3	1	1	67	2176	17	11	96.774879	κ.
5	1	21	3	1	2	98	2170	40	17	89.469528	ΝΙΚ.
5	1	21	3	1	3	159	2171	19	16	89.469528	Γ.
5	1	21	3	1	4	193	2170	204	19	91.888138	ΑΝΤΩΝΟΠΟΥΛΟΝ,
4	1	21	3	2	0	45	2205	705	23	-1	
5	1	21	3	2	1	45	2206	35	22	89.114677	μῆς
5	1	21	3	2	2	95	2211	42	16	93.302811	σας,
5	1	21	3	2	3	153	2205	139	23	91.605499	εὐχαριστοῦμε
5	1	21	3	2	4	305	2206	59	21	93.078445	θερμὰ
5	1	21	3	2	5	377	2205	30	18	93.304276	καὶ
5	1	21	3	2	6	422	2206	36	21	92.601364	σᾶς
5	1	21	3	2	7	473	2205	96	22	92.340294	εὐχόμεθα
5	1	21	3	2	8	583	2205	54	22	92.664604	ὑγεία
5	1	21	3	2	9	651	2205	30	18	93.284920	καὶ
5	1	21	3	2	10	689	2205	61	23	55.339413	πρὀο-
4	1	21	3	3	0	44	2241	30	18	-1	
5	1	21	3	3	1	44	2241	30	18	91.970642	δο.
3	1	21	4	0	0	43	2277	268	57	-1	
4	1	21	4	1	0	68	2277	239	20	-1	
5	1	21	4	1	1	68	2283	17	10	84.257996	κ.
5	1	21	4	1	2	106	2277	38	17	84.257996	ΗΛ.
5	1	21	4	1	3	163	2277	144	20	81.605095	ΒΡΑΤΣΙΝΗΝ,
4	1	21	4	2	0	43	2312	268	22	-1	
5	1	21	4	2	1	43	2312	52	17	93.292419	πολὺ
5	1	21	4	2	2	113	2313	35	21	91.758667	σᾶς
5	1	21	4	2	3	165	2312	146	22	92.547768	εὐχαριστοῦμε.
3	1	21	5	0	0	43	2348	382	59	-1	
4	1	21	5	1	0	67	2348	358	22	-1	
5	1	21	5	1	1	67	2354	17	12	93.257751	κ.
5	1	21	5	1	2	102	2348	71	17	91.329643	ΠΑΝΤ.
5	1	21	5	1	3	190	2349	21	16	60.101845	Ἡ.
5	1	21	5	1	4	226	2348	94	20	91.565239	ΒΥΝΙΟΝ,
5	1	21	5	1	5	336	2348	89	22	90.495468	᾿Αθήνας:
4	1	21	5	2	0	43	2384	328	23	-1	
5	1	21	5	2	1	43	2384	25	22	88.717621	µή
5	1	21	5	2	2	87	2389	43	16	92.869194	σας,
5	1	21	5	2	3	149	2384	139	22	90.374542	εὐχαριστοῦμε
5	1	21	5	2	4	304	2384	67	23	35.203308	θερμά.
3	1	21	6	0	0	44	2424	708	95	-1	
4	1	21	6	1	0	67	2424	684	24	-1	
5	1	21	6	1	1	67	2431	18	12	89.212067	κ.
5	1	21	6	1	2	105	2424	82	19	45.257359	ΘΑΝΟΝ.
5	1	21	6	1	3	206	2425	99	20	90.227768	ΝΤΕΡΟΝ,
5	1	21	6	1	4	443	2425	37	18	26.083664	Διὰ
5	1	21	6	1	5	500	2425	88	22	83.171875	γενναίαν
5	1	21	6	1	6	608	2425	97	23	74.175323	ἑνίσχυσιν
5	1	21	6	1	7	715	2426	36	22	95.866966	τῆς
4	1	21	6	2	0	44	2460	708	23	-1	
5	1	21	6	2	1	44	2461	114	22	91.678574	ἐφημερίδας
5	1	21	6	2	2	174	2466	43	17	92.773048	µας,
5	1	21	6	2	3	234	2461	139	22	92.127502	εὐχαριστοῦμε
5	1	21	6	2	4	391	2460	83	23	91.849258	ἀπείρως
5	1	21	6	2	5	491	2461	31	17	88.229568	καὶ
5	1	21	6	2	6	539	2461	37	22	89.941910	σᾶς
5	1	21	6	2	7	594	2460	96	23	91.326714	εὐχόμεθα
5	1	21	6	2	8	697	2460	55	23	84.277748	ὑγεία
4	1	21	6	3	0	44	2496	403	23	-1	
5	1	21	6	3	1	44	2497	74	22	27.593910	δύναμη
5	1	21	6	3	2	135	2497	31	17	93.292244	καὶ
5	1	21	6	3	3	183	2498	71	21	81.852737	συνεχῆ
5	1	21	6	3	4	270	2496	78	23	91.381729	ἀνοδικὴ
5	1	21	6	3	5	364	2496	83	23	96.575752	πρόοδο.
3	1	21	7	0	0	45	2524	707	102	-1	
4	1	21	7	1	0	68	2524	684	31	-1	
5	1	21	7	1	1	68	2538	18	12	86.733871	κ.
5	1	21	7	1	2	105	2532	94	18	56.126892	ΜΑΤΙΝΑ
5	1	21	7	1	3	217	2524	157	28	63.084892	ΠΑΠΑΣΤΑΘΗ,
5	1	21	7	1	4	392	2532	90	23	85.299568	᾿Αθήνας:
5	1	21	7	1	5	503	2532	29	17	69.924156	Δι
5	1	21	7	1	6	550	2532	96	23	8.780304	ἔνίσχυσιν
5	1	21	7	1	7	663	2533	35	22	93.302788	τῆς
5	1	21	7	1	8	706	2532	46	23	44.004143	ἔφη-
4	1	21	7	2	0	46	2567	706	23	-1	
5	1	21	7	2	1	46	2567	76	23	27.712250	μερίδας
5	1	21	7	2	2	139	2573	35	17	96.608269	µας
5	1	21	7	2	3	191	2568	25	21	93.300385	εἰς
5	1	21	7	2	4	236	2568	73	22	78.265068	µνήµην
5	1	21	7	2	5	328	2568	116	22	87.031479	ἀειμνήστου
5	1	21	7	2	6	463	2568	84	22	96.851128	συζύγου
5	1	21	7	2	7	567	2573	36	17	96.607452	σας
5	1	21	7	2	8	620	2568	48	18	93.299782	Κων.
5	1	21	7	2	9	685	2567	67	19	90.992287	Παπα-
4	1	21	7	3	0	45	2603	322	23	-1	
5	1	21	7	3	1	45	2603	62	22	91.587440	στάθη
5	1	21	7	3	2	122	2603	139	22	91.395599	εὐχαριστοῦμε
5	1	21	7	3	3	278	2603	89	23	91.408638	ἀπείρως.
3	1	21	8	0	0	45	2639	706	58	-1	
4	1	21	8	1	0	69	2639	682	23	-1	
5	1	21	8	1	1	69	2645	17	11	92.526314	κ.
5	1	21	8	1	2	103	2639	21	17	90.726517	Π.
5	1	21	8	1	3	141	2639	21	17	90.277771	Ν.
5	1	21	8	1	4	176	2639	122	21	90.502914	ΑΛΟΥΠΗΝ,
5	1	21	8	1	5	313	2639	90	22	48.385544	᾿Αθήνας:;
5	1	21	8	1	6	425	2639	31	17	92.759605	Γιὰ
5	1	21	8	1	7	471	2639	112	23	92.167274	ἐνισχυμένη
5	1	21	8	1	8	597	2639	98	23	90.437492	συνδροµή
5	1	21	8	1	9	708	2644	43	17	95.982895	σας,
4	1	21	8	2	0	45	2674	221	23	-1	
5	1	21	8	2	1	45	2674	60	23	90.476768	θερμὰ
5	1	21	8	2	2	120	2675	146	22	90.476768	εὐχαριστοῦμε.
3	1	21	9	0	0	44	2715	708	273	-1	
4	1	21	9	1	0	70	2715	682	24	-1	
5	1	21	9	1	1	70	2716	78	22	92.328171	Ἐπίσης
5	1	21	9	1	2	166	2716	37	22	91.703758	μᾶς
5	1	21	9	1	3	219	2715	87	18	91.703758	ἔστειλαν
5	1	21	9	1	4	323	2716	23	22	90.801682	τὴ
5	1	21	9	1	5	365	2716	98	23	90.009895	συνδροµή
5	1	21	9	1	6	482	2721	46	17	96.113823	τους
5	1	21	9	1	7	547	2716	17	17	84.634399	οἱ
5	1	21	9	1	8	581	2722	18	12	96.480789	κ.
5	1	21	9	1	9	618	2722	18	12	96.480789	κ.
5	1	21	9	1	10	649	2715	51	24	88.984879	Δημ.
5	1	21	9	1	11	713	2716	39	18	58.484287	Ψυ-
4	1	21	9	2	0	45	2746	706	29	-1	
5	1	21	9	2	1	45	2751	79	24	46.123657	χράνης,
5	1	21	9	2	2	144	2752	18	16	83.898560	Γ.
5	1	21	9	2	3	181	2751	39	18	74.528946	Αν.
5	1	21	9	2	4	240	2751	127	23	92.375923	Γκουζούλης,
5	1	21	9	2	5	384	2752	19	17	87.756828	Γ.
5	1	21	9	2	6	422	2746	166	28	92.629738	Θεοφιλόπουλος,
5	1	21	9	2	7	607	2751	20	18	69.233200	Γ.
5	1	21	9	2	8	645	2752	22	17	92.001923	Η.
5	1	21	9	2	9	683	2751	68	23	82.765373	Ζήτης,
4	1	21	9	3	0	46	2786	706	24	-1	
5	1	21	9	3	1	46	2787	19	17	54.468086	Γ,.
5	1	21	9	3	2	78	2786	24	18	89.596756	Α.
5	1	21	9	3	3	119	2787	124	23	89.596756	Τσαγκάρης,
5	1	21	9	3	4	264	2787	118	23	67.387894	᾽Αγησίλαος
5	1	21	9	3	5	400	2787	112	23	90.563400	Μπολάνης,
5	1	21	9	3	6	533	2787	113	23	89.737885	Παρασκευὴ
5	1	21	9	3	7	668	2787	84	23	71.595757	Νιάρχου
4	1	21	9	4	0	44	2822	708	23	-1	
5	1	21	9	4	1	44	2822	202	23	36.245979	---“Δημητροπούλου,
5	1	21	9	4	2	267	2823	22	17	90.359581	Χ.
5	1	21	9	4	3	306	2823	24	17	92.312279	Λ.
5	1	21	9	4	4	350	2822	151	23	92.461388	Καλαθρυτινὸς,
5	1	21	9	4	5	519	2823	48	17	96.121109	Κων.
5	1	21	9	4	6	587	2822	165	23	94.364304	Παπαδόπουλος,
4	1	21	9	5	0	47	2858	705	23	-1	
5	1	21	9	5	1	47	2858	42	18	87.846443	Ἠλ.
5	1	21	9	5	2	103	2858	23	18	89.032745	Δ.
5	1	21	9	5	3	142	2858	68	23	90.467735	Ζήτης,
5	1	21	9	5	4	224	2858	21	18	91.516968	Ν.
5	1	21	9	5	5	262	2858	19	18	85.677643	Γ.
5	1	21	9	5	6	295	2858	129	23	91.745148	Μανεσιώτης,
5	1	21	9	5	7	440	2858	21	18	48.068932	Ν.
5	1	21	9	5	8	475	2859	22	17	92.590408	Η.
5	1	21	9	5	9	513	2858	68	23	88.116417	Ζήτης,
5	1	21	9	5	10	594	2859	22	17	31.777695	ΚΚ.
5	1	21	9	5	11	631	2858	24	18	92.940819	Α.
5	1	21	9	5	12	667	2858	85	23	91.800056	Κάτσος,
4	1	21	9	6	0	49	2893	702	24	-1	
5	1	21	9	6	1	49	2894	12	17	31.523682	1.
5	1	21	9	6	2	74	2894	24	17	83.325783	Α.
5	1	21	9	6	3	112	2893	215	23	91.594780	Παπαθανασόπουλος,
5	1	21	9	6	4	348	2893	118	23	75.507889	᾽Αγησίλαος
5	1	21	9	6	5	483	2894	160	23	92.239456	Παπασταφίδας,
5	1	21	9	6	6	662	2894	24	18	83.249207	Δ.
5	1	21	9	6	7	700	2894	20	18	90.489937	Β.
5	1	21	9	6	8	729	2893	22	19	87.204208	Α
4	1	21	9	7	0	45	2925	706	48	-1	
5	1	21	9	7	1	45	2929	89	23	89.159187	λημίσης,
5	1	21	9	7	2	149	2930	22	17	87.234856	Η.
5	1	21	9	7	3	189	2929	170	20	93.292519	Παπαναστασίου,
5	1	21	9	7	4	376	2930	19	17	81.287048	Γ.
5	1	21	9	7	5	412	2930	22	17	86.476624	Η.
5	1	21	9	7	6	450	2929	71	23	92.818802	Βύνιος,
5	1	21	9	7	7	540	2930	19	17	81.336807	Γ.
5	1	21	9	7	8	576	2930	22	17	68.433395	Η.
5	1	21	9	7	9	617	2925	76	48	12.246094	πανκ
5	1	21	9	7	10	709	2929	42	24	12.246094	ος
4	1	21	9	8	0	45	2964	275	24	-1	
5	1	21	9	8	1	45	2964	24	20	92.559853	Δ.
5	1	21	9	8	2	82	2965	99	23	93.251747	Δημάκης,
5	1	21	9	8	3	199	2966	12	16	0.000000	!.
5	1	21	9	8	4	230	2965	90	23	86.513031	Σκιαδᾶς.
2	1	22	0	0	0	503	2099	247	22	-1	
3	1	22	1	0	0	503	2099	247	22	-1	
4	1	22	1	1	0	503	2099	247	22	-1	
5	1	22	1	1	1	503	2099	123	22	82.183014	ἐνισχυμένην
5	1	22	1	1	2	641	2099	109	22	86.911972	συνδροµήν
2	1	23	0	0	0	414	2170	337	23	-1	
3	1	23	1	0	0	414	2170	337	23	-1	
4	1	23	1	1	0	414	2170	337	23	-1	
5	1	23	1	1	1	414	2170	88	22	77.313416	᾿Αθήνας:
5	1	23	1	1	2	522	2170	29	17	47.694725	Δι)
5	1	23	1	1	3	566	2170	100	22	91.957970	ἀνανέωση
5	1	23	1	1	4	678	2170	73	23	90.972855	συνδρο
2	1	24	0	0	0	326	2276	424	23	-1	
3	1	24	1	0	0	326	2276	424	23	-1	
4	1	24	1	1	0	326	2276	424	23	-1	
5	1	24	1	1	1	326	2276	89	23	50.514759	᾿Αθήνας:
5	1	24	1	1	2	439	2277	31	17	48.166546	Δι)
5	1	24	1	1	3	490	2277	124	22	91.829155	ἐνισχυμένην
5	1	24	1	1	4	633	2276	117	23	46.581421	ουνδροµήν,
2	1	25	0	0	0	327	2425	89	23	-1	
3	1	25	1	0	0	327	2425	89	23	-1	
4	1	25	1	1	0	327	2425	89	23	-1	
5	1	25	1	1	1	327	2425	89	23	16.034355	Αθήνας:
2	1	26	0	0	0	360	3000	151	28	-1	
3	1	26	1	0	0	360	3000	151	28	-1	
4	1	26	1	1	0	360	3000	151	28	-1	
5	1	26	1	1	1	360	3000	151	28	81.924423	(Συνεχίζεται)
2	1	27	0	0	0	425	294	336	25	-1	
3	1	27	1	0	0	425	294	336	25	-1	
4	1	27	1	1	0	425	294	336	25	-1	
5	1	27	1	1	1	425	297	89	22	64.206436	Επήραµε
5	1	27	1	1	2	535	297	23	17	95.640892	τὸ
5	1	27	1	1	3	579	296	79	23	64.554474	γράμμα
5	1	27	1	1	4	675	302	36	17	93.302521	σας
5	1	27	1	1	5	718	290	23	38	86.457832	µέ
5	1	27	1	1	6	759	294	2	2	96.634827	|
2	1	28	0	0	0	381	617	381	23	-1	
3	1	28	1	0	0	381	617	381	23	-1	
4	1	28	1	1	0	381	617	381	23	-1	
5	1	28	1	1	1	381	617	97	22	90.128601	Ἐλάδαμε
5	1	28	1	1	2	496	618	34	22	95.608192	τὴν
5	1	28	1	1	3	550	617	84	18	93.140045	πάντοτε
5	1	28	1	1	4	650	618	97	21	86.720490	ἐνισχυμέ-
5	1	28	1	1	5	760	629	2	7	0.000000	᾿
2	1	29	0	0	0	467	941	295	24	-1	
3	1	29	1	0	0	467	941	295	24	-1	
4	1	29	1	1	0	467	941	295	24	-1	
5	1	29	1	1	1	467	943	96	21	81.078552	Ἐλάθαμε
5	1	29	1	1	2	578	944	23	17	96.165878	τὸ
5	1	29	1	1	3	620	943	80	22	53.519333	γράμμα
5	1	29	1	1	4	711	948	37	17	44.601860	σας
2	1	30	0	0	0	496	1050	267	24	-1	
3	1	30	1	0	0	496	1050	267	24	-1	
4	1	30	1	1	0	496	1050	267	24	-1	
5	1	30	1	1	1	496	1051	27	17	96.505035	Τὸ
5	1	30	1	1	2	539	1051	79	22	39.411144	γράμμα
5	1	30	1	1	3	635	1056	36	16	93.298019	σας
5	1	30	1	1	4	689	1051	23	21	77.146866	µέ
5	1	30	1	1	5	724	1050	25	18	88.685463	τὰ
5	1	30	1	1	6	762	1069	1	5	9.797661	/
2	1	31	0	0	0	448	2348	317	23	-1	
3	1	31	1	0	0	448	2348	317	23	-1	
4	1	31	1	1	0	448	2348	317	23	-1	
5	1	31	1	1	1	448	2348	31	18	92.649345	Γιὰ
5	1	31	1	1	2	496	2348	35	23	93.296654	τὴν
5	1	31	1	1	3	544	2349	112	21	91.273209	ἐνισχυμένη
5	1	31	1	1	4	669	2348	81	22	87.921227	συνδρο-
5	1	31	1	1	5	763	2357	2	3	96.777832	|
2	1	32	0	0	0	883	78	1001	6	-1	
3	1	32	1	0	0	883	78	1001	6	-1	
4	1	32	1	1	0	883	78	1001	6	-1	
5	1	32	1	1	1	883	78	1001	6	95.000000	 
2	1	33	0	0	0	758	113	350	111	-1	
3	1	33	1	0	0	758	113	350	111	-1	
4	1	33	1	1	0	758	113	350	48	-1	
5	1	33	1	1	1	758	116	114	42	13.383316	Γ.ΕΧΕ
5	1	33	1	1	2	892	117	52	40	54.071991	ΤΗΥ
5	1	33	1	1	3	959	113	149	48	11.442017	ΤΕΡΙΛΙΟΗ
4	1	33	1	2	0	759	183	329	41	-1	
5	1	33	1	2	1	759	200	2	24	0.000000	Γ
5	1	33	1	2	2	819	194	61	22	28.469131	κικ.
5	1	33	1	2	3	903	183	185	41	0.000000	ΤΕΡΘΕΡΥ.
2	1	34	0	0	0	759	164	4	393	-1	
3	1	34	1	0	0	759	164	4	393	-1	
4	1	34	1	1	0	759	164	4	393	-1	
5	1	34	1	1	1	759	164	4	393	95.000000	 
2	1	35	0	0	0	760	797	241	34	-1	
3	1	35	1	0	0	760	797	241	34	-1	
4	1	35	1	1	0	760	797	241	34	-1	
5	1	35	1	1	1	760	810	1	13	64.077011	|
5	1	35	1	1	2	901	797	100	34	62.629875	Πρὸς:
2	1	36	0	0	0	760	838	362	1298	-1	
3	1	36	1	0	0	760	838	359	135	-1	
4	1	36	1	1	0	798	838	320	28	-1	
5	1	36	1	1	1	798	839	49	21	91.710846	Τὸν
5	1	36	1	1	2	867	839	75	27	68.456772	“Ἱερὸν
5	1	36	1	1	3	960	838	93	28	90.336288	Κλῆρον
5	1	36	1	1	4	1081	838	37	21	95.793816	καὶ
4	1	36	1	2	0	770	873	349	29	-1	
5	1	36	1	2	1	770	875	28	20	93.301941	τὸ
5	1	36	1	2	2	817	874	103	26	89.188232	Εὐσεδές
5	1	36	1	2	3	938	873	118	29	74.816238	πλήρωμα
5	1	36	1	2	4	1075	874	44	27	96.993805	τῆς
4	1	36	1	3	0	760	905	358	32	-1	
5	1	36	1	3	1	760	905	62	26	58.594963	(καθ
5	1	36	1	3	2	842	909	61	28	92.807747	ἡμᾶς
5	1	36	1	3	3	925	908	145	29	16.507042	'Αγιωτάτης
5	1	36	1	3	4	1082	909	36	27	96.376678	Μη
4	1	36	1	4	0	761	943	158	30	-1	
5	1	36	1	4	1	761	943	158	30	28.674393	ἱπροπόλεως.
3	1	36	2	0	0	760	980	358	64	-1	
4	1	36	2	1	0	798	980	320	28	-1	
5	1	36	2	1	1	798	981	78	21	94.379578	Τέκνα
5	1	36	2	1	2	906	980	64	28	94.379578	ἡμῶν
5	1	36	2	1	3	988	980	34	22	50.294792	ἐν
5	1	36	2	1	4	1043	980	75	28	88.801392	Κυρίω
4	1	36	2	2	0	760	1012	133	32	-1	
5	1	36	2	2	1	760	1012	2	14	18.185562	1
5	1	36	2	2	2	771	1012	122	32	18.185562	ἀγαπηπά.
3	1	36	3	0	0	761	1051	360	384	-1	
4	1	36	3	1	0	801	1051	317	29	-1	
5	1	36	3	1	1	801	1052	25	21	91.377808	Ἡ
5	1	36	3	1	2	858	1052	50	22	79.396355	θεία
5	1	36	3	1	3	935	1052	101	28	92.122589	Πρόνοια
5	1	36	3	1	4	1066	1051	52	28	89.764801	ἄγει
4	1	36	3	2	0	761	1086	357	36	-1	
5	1	36	3	2	1	761	1087	71	35	52.689610	(ἡμᾶς
5	1	36	3	2	2	851	1088	38	21	93.294502	καὶ
5	1	36	3	2	3	907	1086	65	29	93.137856	αὖθις
5	1	36	3	2	4	992	1095	44	14	86.143158	κατ᾿
5	1	36	3	2	5	1077	1087	41	22	85.111511	αὖ-
4	1	36	3	3	0	761	1123	360	28	-1	
5	1	36	3	3	1	761	1123	54	28	52.680710	Ἱπὰς
5	1	36	3	3	2	845	1124	32	27	45.280857	εἲς
5	1	36	3	3	3	893	1124	45	27	87.451935	τὰς
5	1	36	3	3	4	965	1123	156	26	87.451935	Πανσέπτους
4	1	36	3	4	0	761	1159	358	32	-1	
5	1	36	3	4	1	761	1182	2	9	0.000000	:
5	1	36	3	4	2	771	1159	82	27	69.596786	Ἁγίας
5	1	36	3	4	3	870	1159	89	28	89.719055	ἡμέρας
5	1	36	3	4	4	972	1160	49	21	61.380070	τῶν
5	1	36	3	4	5	1036	1159	83	21	95.537498	παθῶν
4	1	36	3	5	0	761	1182	360	40	-1	
5	1	36	3	5	1	761	1182	53	34	8.015350	ποῦ
5	1	36	3	5	2	824	1195	169	27	0.000000	φλανθρώπου
5	1	36	3	5	3	1007	1194	114	28	91.348793	Σωπῆρος
4	1	36	3	6	0	762	1229	357	32	-1	
5	1	36	3	6	1	762	1231	51	30	0.000000	ἱπῆς
5	1	36	3	6	2	829	1230	187	28	91.692238	ἀνθρωπόπητος
5	1	36	3	6	3	1034	1229	85	29	96.478577	Κυρίου
4	1	36	3	7	0	762	1257	357	36	-1	
5	1	36	3	7	1	762	1257	91	36	0.000000	Πμησοῦ
5	1	36	3	7	2	886	1266	103	27	91.027046	Χρισποῦ
5	1	36	3	7	3	1018	1266	37	21	95.249947	καὶ
5	1	36	3	7	4	1086	1266	33	26	95.249947	εἰς
4	1	36	3	8	0	762	1295	357	34	-1	
5	1	36	3	8	1	762	1297	53	32	0.000000	ἱπὴν
5	1	36	3	8	2	831	1295	101	33	88.450943	ἔνδοξον
5	1	36	3	8	3	949	1301	36	22	93.297218	καὶ
5	1	36	3	8	4	1005	1301	114	28	29.773697	Λαµπρο-
4	1	36	3	9	0	771	1337	348	27	-1	
5	1	36	3	9	1	771	1337	76	27	89.509735	φόρον
5	1	36	3	9	2	869	1337	81	21	89.509735	Αὐποῦ
5	1	36	3	9	3	967	1337	152	21	74.199631	᾿Ανάστασιν.
4	1	36	3	10	0	761	1367	358	33	-1	
5	1	36	3	10	1	761	1367	2	27	0.000000	{
5	1	36	3	10	2	801	1372	51	22	24.276680	Ἐπὶ
5	1	36	3	10	3	872	1373	30	27	79.848579	τῇ
5	1	36	3	10	4	921	1372	103	28	92.746017	εὐκαιρία
5	1	36	3	10	5	1043	1371	76	28	90.068710	ταύτη
4	1	36	3	11	0	771	1407	350	28	-1	
5	1	36	3	11	1	771	1408	32	27	92.824936	ὡς
5	1	36	3	11	2	818	1408	157	27	89.853065	Πνευματικὸς
5	1	36	3	11	3	992	1408	80	27	39.317089	Παπτὴρ
5	1	36	3	11	4	1083	1407	38	21	96.940979	καὶ
3	1	36	4	0	0	762	1442	359	521	-1	
4	1	36	4	1	0	773	1442	347	29	-1	
5	1	36	4	1	1	773	1443	162	28	67.594711	Ποιμενάρχης
5	1	36	4	1	2	963	1442	157	29	11.111542	«αἰσθάνομα
5	1	36	4	1	3	1108	1438	16	37	92.873848	ι
4	1	36	4	2	0	772	1479	348	28	-1	
5	1	36	4	2	1	772	1479	42	28	93.287254	τὴν
5	1	36	4	2	2	831	1479	108	27	78.026535	ἀνάγκην
5	1	36	4	2	3	953	1479	29	21	93.284119	νὰ
5	1	36	4	2	4	1000	1479	120	21	91.567329	ἐπικοινω-
4	1	36	4	3	0	772	1514	348	28	-1	
5	1	36	4	3	1	772	1515	64	27	32.217651	νήσω
5	1	36	4	3	2	866	1515	41	21	90.417000	διὰ
5	1	36	4	3	3	924	1515	43	22	93.719238	τοῦ
5	1	36	4	3	4	996	1514	124	28	63.253857	παρόντος
4	1	36	4	4	0	762	1541	358	37	-1	
5	1	36	4	4	1	762	1541	154	37	0.000000	;Μηνύμαπός
5	1	36	4	4	2	933	1555	45	21	82.522827	µου
5	1	36	4	4	3	994	1549	63	27	38.893742	πρὸς
5	1	36	4	4	4	1073	1548	47	21	95.356529	πάν
4	1	36	4	5	0	762	1583	359	32	-1	
5	1	36	4	5	1	762	1591	54	24	3.689026	πας
5	1	36	4	5	2	843	1584	61	28	94.302177	ἡμᾶς
5	1	36	4	5	3	920	1584	38	21	96.396111	διὰ
5	1	36	4	5	4	972	1584	31	21	88.948463	νὰ
5	1	36	4	5	5	1028	1583	93	28	74.334824	εὐχηθῶ
4	1	36	4	6	0	762	1617	359	30	-1	
5	1	36	4	6	1	762	1617	36	24	11.324997	|ἐκ
5	1	36	4	6	2	816	1618	89	29	62.148399	μυχίων
5	1	36	4	6	3	920	1619	74	28	88.021255	ψυχῆς
5	1	36	4	6	4	1011	1619	38	22	92.809212	καὶ
5	1	36	4	6	5	1065	1626	56	19	91.538139	καρ-
4	1	36	4	7	0	773	1655	348	28	-1	
5	1	36	4	7	1	773	1655	51	28	89.208275	δίας
5	1	36	4	7	2	839	1656	67	27	93.302673	ὅπως
5	1	36	4	7	3	923	1656	14	21	85.635994	ὁ
5	1	36	4	7	4	952	1655	90	26	49.737896	παθὼν,
5	1	36	4	7	5	1058	1655	63	22	88.562210	Σταυ
4	1	36	4	8	0	772	1690	349	29	-1	
5	1	36	4	8	1	772	1691	83	28	90.164772	ρωθεὶς
5	1	36	4	8	2	874	1691	37	22	93.298759	καὶ
5	1	36	4	8	3	931	1691	117	27	41.043682	᾽Αναστὰς
5	1	36	4	8	4	1065	1690	56	29	90.348389	Κύοι
4	1	36	4	9	0	763	1726	358	30	-1	
5	1	36	4	9	1	763	1731	37	25	43.366089	ος
5	1	36	4	9	2	820	1726	154	29	62.663124	ἐπιδαψιλεύη
5	1	36	4	9	3	1002	1726	119	22	62.663124	πλουσίαν
4	1	36	4	10	0	773	1762	348	29	-1	
5	1	36	4	10	1	773	1763	43	28	93.294609	τὴν
5	1	36	4	10	2	832	1762	113	28	92.716034	εὐλογίαν
5	1	36	4	10	3	958	1763	49	21	96.513649	Του
5	1	36	4	10	4	1024	1762	37	22	96.580795	καὶ
5	1	36	4	10	5	1078	1762	43	28	96.845436	τὴν
4	1	36	4	11	0	773	1797	348	29	-1	
5	1	36	4	11	1	773	1799	68	27	95.718513	χάριν
5	1	36	4	11	2	866	1798	58	25	93.301048	Του,
5	1	36	4	11	3	940	1797	122	29	92.110062	χαρίζηται
5	1	36	4	11	4	1094	1797	27	22	96.631447	δέ
4	1	36	4	12	0	774	1834	347	27	-1	
5	1	36	4	12	1	774	1834	51	27	91.315742	ὑμῖν
5	1	36	4	12	2	842	1834	121	26	91.315742	πλουσίως
5	1	36	4	12	3	977	1834	31	21	96.659836	τὰ
5	1	36	4	12	4	1026	1834	25	21	95.518059	ἐκ
5	1	36	4	12	5	1076	1834	45	21	47.921143	τοῦ
4	1	36	4	13	0	774	1869	347	28	-1	
5	1	36	4	13	1	774	1869	170	28	90.312180	Σωτηριώδους
5	1	36	4	13	2	964	1869	81	22	72.155914	Αὐτοῦ
5	1	36	4	13	3	1075	1869	46	22	76.519318	Πά-
4	1	36	4	14	0	775	1905	345	32	-1	
5	1	36	4	14	1	775	1905	56	28	92.428726	θους
5	1	36	4	14	2	854	1905	184	32	92.428726	ἀπορρεύσαντα
5	1	36	4	14	3	1061	1905	59	28	62.955353	ἆγα-
4	1	36	4	15	0	763	1941	49	22	-1	
5	1	36	4	15	1	763	1941	49	22	80.740494	[θά.
3	1	36	5	0	0	804	1976	318	28	-1	
4	1	36	5	1	0	804	1976	318	28	-1	
5	1	36	5	1	1	804	1976	65	22	71.991707	Μετὰ
5	1	36	5	1	2	898	1977	121	27	71.991707	Πατρικῶν
5	1	36	5	1	3	1046	1976	76	28	91.375420	εὐχῶν
3	1	36	6	0	0	763	2012	191	28	-1	
4	1	36	6	1	0	763	2012	191	28	-1	
5	1	36	6	1	1	763	2013	48	21	79.945358	(καὶ
5	1	36	6	1	2	833	2012	121	28	89.426567	εὐλογιῶν.
3	1	36	7	0	0	763	2047	299	31	-1	
4	1	36	7	1	0	763	2047	299	31	-1	
5	1	36	7	1	1	763	2063	2	15	73.622742	|
5	1	36	7	1	2	835	2048	25	21	90.624596	Ὁ
5	1	36	7	1	3	879	2047	183	29	0.000000	Μητροπολίτης
3	1	36	8	0	0	783	2082	332	54	-1	
4	1	36	8	1	0	783	2082	332	23	-1	
5	1	36	8	1	1	783	2083	21	17	71.565781	Ὁ
5	1	36	8	1	2	825	2082	132	23	56.656441	Μονεµθασίας
5	1	36	8	1	3	974	2082	30	18	95.724205	καὶ
5	1	36	8	1	4	1024	2082	91	23	95.569641	Σπάρτης
4	1	36	8	2	0	895	2118	112	18	-1	
5	1	36	8	2	1	895	2118	112	18	90.259857	ΙΕΡΟΘΕΟΣ
2	1	37	0	0	0	779	2165	340	4	-1	
3	1	37	1	0	0	779	2165	340	4	-1	
4	1	37	1	1	0	779	2165	340	4	-1	
5	1	37	1	1	1	779	2165	340	4	95.000000	 
2	1	38	0	0	0	762	2182	360	170	-1	
3	1	38	1	0	0	762	2182	360	170	-1	
4	1	38	1	1	0	804	2182	318	26	-1	
5	1	38	1	1	1	804	2183	27	19	86.247421	Ἡ
5	1	38	1	1	2	848	2182	88	26	71.898514	ἐκπομπὴ
5	1	38	1	1	3	952	2182	33	26	95.529480	γιὰ
5	1	38	1	1	4	1000	2182	31	21	95.604240	τὸν.
5	1	38	1	1	5	1051	2182	71	26	70.902481	Ελλη
4	1	38	1	2	0	773	2217	349	27	-1	
5	1	38	1	2	1	773	2226	24	12	77.796486	γα
5	1	38	1	2	2	817	2217	82	27	76.892212	ἀγρότη,
5	1	38	1	2	3	916	2217	121	26	41.223145	ἑτοιμμάζεται
5	1	38	1	2	4	1055	2217	37	21	96.311005	ἀπὸ
5	1	38	1	2	5	1100	2217	22	21	96.774658	τὸ
4	1	38	1	3	0	762	2252	360	30	-1	
5	1	38	1	3	1	762	2253	113	27	30.091812	Γὑπουρχεῖο
5	1	38	1	3	2	895	2253	102	29	93.209953	Γεωργίας
5	1	38	1	3	3	1016	2252	32	22	73.389496	γαὶ
5	1	38	1	3	4	1071	2252	51	27	53.807224	γίνε-
4	1	38	1	4	0	774	2288	348	27	-1	
5	1	38	1	4	1	774	2297	32	13	73.198776	ται
5	1	38	1	4	2	825	2288	49	22	70.985222	πάθς
5	1	38	1	4	3	895	2289	90	26	84.824745	Κυριακὴ
5	1	38	1	4	4	1003	2288	43	24	93.288719	στὶς
5	1	38	1	4	5	1065	2288	11	22	60.704647	ὃ
5	1	38	1	4	6	1086	2296	36	13	91.470993	πα-
4	1	38	1	5	0	774	2332	130	20	-1	
5	1	38	1	5	1	774	2324	25	28	20.777443	ρὰ
5	1	38	1	5	2	814	2324	90	27	91.911514	τέπαρτο.
2	1	39	0	0	0	781	2372	342	4	-1	
3	1	39	1	0	0	781	2372	342	4	-1	
4	1	39	1	1	0	781	2372	342	4	-1	
5	1	39	1	1	1	781	2372	342	4	95.000000	 
2	1	40	0	0	0	762	1579	5	1042	-1	
3	1	40	1	0	0	762	1579	5	1042	-1	
4	1	40	1	1	0	762	1579	5	1042	-1	
5	1	40	1	1	1	762	1579	5	1042	95.000000	 
2	1	41	0	0	0	755	252	369	547	-1	
3	1	41	1	0	0	755	252	369	547	-1	
4	1	41	1	1	0	755	252	369	547	-1	
5	1	41	1	1	1	755	252	369	547	95.000000	 
2	1	42	0	0	0	1146	122	12	2256	-1	
3	1	42	1	0	0	1146	122	12	2256	-1	
4	1	42	1	1	0	1146	122	12	2256	-1	
5	1	42	1	1	1	1146	122	12	2256	95.000000	 
2	1	43	0	0	0	1171	423	101	26	-1	
3	1	43	1	0	0	1171	423	101	26	-1	
4	1	43	1	1	0	1171	423	101	26	-1	
5	1	43	1	1	1	1171	423	38	26	4.167633	φιὰ
5	1	43	1	1	2	1226	425	46	19	59.679245	διατ.
2	1	44	0	0	0	1223	103	628	56	-1	
3	1	44	1	0	0	1223	103	628	56	-1	
4	1	44	1	1	0	1223	103	628	56	-1	
5	1	44	1	1	1	1223	103	176	55	60.452454	"Αντε
5	1	44	1	1	2	1423	112	70	39	32.600708	νά
5	1	44	1	1	3	1516	111	335	48	1.116745	κουρεύεσα!Ι
2	1	45	0	0	0	1205	172	694	207	-1	
3	1	45	1	0	0	1205	172	694	207	-1	
4	1	45	1	1	0	1205	172	683	13	-1	
5	1	45	1	1	1	1205	174	101	11	10.673019	ος
5	1	45	1	1	2	1370	173	60	8	0.000000	.-.
5	1	45	1	1	3	1564	174	4	5	0.000000	)
5	1	45	1	1	4	1641	173	7	12	0.000000	.
5	1	45	1	1	5	1733	173	27	7	16.677734	ον.
5	1	45	1	1	6	1817	172	71	8	33.820404	ας
4	1	45	1	2	0	1205	174	694	28	-1	
5	1	45	1	2	1	1205	183	43	12	72.832954	Στὰ
5	1	45	1	2	2	1266	174	112	25	80.081696	Βυζαντινὰ
5	1	45	1	2	3	1395	181	76	21	80.783081	χρόνια,
5	1	45	1	2	4	1548	182	23	12	75.041954	νὰ
5	1	45	1	2	5	1592	177	104	24	33.417404	κουρέψαυν
5	1	45	1	2	6	1717	181	57	14	96.597107	αὐτὸν
5	1	45	1	2	7	1791	181	35	14	93.257034	ποὺ
5	1	45	1	2	8	1844	181	55	20	85.348450	ἐπρό-
4	1	45	1	3	0	1550	208	349	27	-1	
5	1	45	1	3	1	1550	217	53	14	60.447086	Χειτο
5	1	45	1	3	2	1623	209	24	21	88.748169	νὰ
5	1	45	1	3	3	1670	211	145	24	85.221291	διαπομπευθεῖ.
5	1	45	1	3	4	1840	208	59	22	36.932480	᾿Ακό-
4	1	45	1	4	0	1539	244	359	28	-1	
5	1	45	1	4	1	1539	254	36	18	63.915840	Ίμνη
5	1	45	1	4	2	1590	245	33	22	96.072197	καὶ
5	1	45	1	4	3	1638	245	38	21	93.301086	στὰ
5	1	45	1	4	4	1687	246	91	26	92.310173	σχολεῖα,
5	1	45	1	4	5	1792	244	45	23	93.076111	ὅταν
5	1	45	1	4	6	1850	245	48	25	93.076111	ἕνας
4	1	45	1	5	0	1618	280	221	8	-1	
5	1	45	1	5	1	1618	280	57	8	5.394135	το
5	1	45	1	5	2	1791	280	48	7	4.411057	ο.
4	1	45	1	6	0	1549	281	349	27	-1	
5	1	45	1	6	1	1549	283	90	24	63.762947	µαθητῆς
5	1	45	1	6	2	1655	282	32	19	78.390717	δέν
5	1	45	1	6	3	1703	289	58	19	9.862289	ἤξέρε
5	1	45	1	6	4	1777	289	21	13	95.715088	τὸ
5	1	45	1	6	5	1813	281	85	26	81.982895	µάθηµα
4	1	45	1	7	0	1548	315	351	29	-1	
5	1	45	1	7	1	1548	318	10	21	92.913002	ὁ
5	1	45	1	7	2	1573	316	110	28	37.482025	δάσκαλος,
5	1	45	1	7	3	1697	316	25	27	79.684746	µέ
5	1	45	1	7	4	1737	316	34	22	38.992241	ἕνάἁ
5	1	45	1	7	5	1786	315	68	29	88.251053	ψαλίδι
5	1	45	1	7	6	1863	315	36	23	96.941246	ποὺ
4	1	45	1	8	0	1671	351	107	28	-1	
5	1	45	1	8	1	1671	352	26	21	92.883545	πὰ
5	1	45	1	8	2	1718	351	60	28	42.472134	ίδια,
2	1	46	0	0	0	1175	209	349	99	-1	
3	1	46	1	0	0	1175	209	349	99	-1	
4	1	46	1	1	0	1176	209	348	27	-1	
5	1	46	1	1	1	1176	218	33	13	95.676422	παν
5	1	46	1	1	2	1226	217	31	14	28.984566	συν
5	1	46	1	1	3	1265	205	90	36	28.984566	ηδισµένο
5	1	46	1	1	4	1375	209	22	22	96.591507	τὸ
5	1	46	1	1	5	1415	209	62	27	70.184830	θέαμα
5	1	46	1	1	6	1488	211	36	24	95.963219	τῆς
4	1	46	1	2	0	1175	245	205	27	-1	
5	1	46	1	2	1	1175	245	153	27	90.136536	διαπόµπευσης.
5	1	46	1	2	2	1354	245	26	22	93.381523	Οἱ
4	1	46	1	3	0	1175	281	210	27	-1	
5	1	46	1	3	1	1175	281	21	21	92.788963	τὸ
5	1	46	1	3	2	1221	281	54	27	89.955345	εἶχαν
5	1	46	1	3	3	1295	281	34	21	95.768768	ἕνα
5	1	46	1	3	4	1350	281	35	21	52.754459	ἀπὸ
2	1	47	0	0	0	1262	241	8	26	-1	
3	1	47	1	0	0	1262	241	8	26	-1	
4	1	47	1	1	0	1262	241	8	26	-1	
5	1	47	1	1	1	1262	241	8	26	95.000000	  
2	1	48	0	0	0	1174	245	352	170	-1	
3	1	48	1	0	0	1174	245	352	135	-1	
4	1	48	1	1	0	1408	245	117	25	-1	
5	1	48	1	1	1	1408	245	117	25	23.307915	Ῥυζαντινοὶ
4	1	48	1	2	0	1405	281	120	27	-1	
5	1	48	1	2	1	1405	281	25	22	71.267296	τὰ
5	1	48	1	2	2	1455	282	70	26	71.267296	πρῶτα
4	1	48	1	3	0	1176	316	348	28	-1	
5	1	48	1	3	1	1176	324	44	17	91.659607	τους
5	1	48	1	3	2	1248	316	96	28	49.206573	θεάματα,
5	1	48	1	3	3	1370	316	25	22	95.278564	νὰ
5	1	48	1	3	4	1418	316	106	28	89.877579	πηγαίνουν
4	1	48	1	4	0	1174	351	352	29	-1	
5	1	48	1	4	1	1174	352	44	24	93.177612	στὶς
5	1	48	1	4	2	1236	353	96	24	92.072105	πλατεῖες
5	1	48	1	4	3	1350	352	33	21	78.083969	καὶ
5	1	48	1	4	4	1404	352	58	25	50.439434	στοὺς
5	1	48	1	4	5	1483	351	43	29	85.272598	δρό-
3	1	48	2	0	0	1257	387	267	28	-1	
4	1	48	2	1	0	1285	387	229	7	-1	
5	1	48	2	1	1	1285	387	48	7	8.439491	οι
5	1	48	2	1	2	1505	389	9	4	0.000000	ν
4	1	48	2	2	0	1257	389	267	26	-1	
5	1	48	2	2	1	1257	396	35	18	90.039581	γιὰ
5	1	48	2	2	2	1312	395	24	13	81.569588	γὰ
5	1	48	2	2	3	1360	389	164	26	34.588440	παρακολουθοῦν
2	1	49	0	0	0	1549	351	351	205	-1	
3	1	49	1	0	0	1549	351	351	205	-1	
4	1	49	1	1	0	1549	351	350	28	-1	
5	1	49	1	1	1	1549	352	99	27	65.310944	κουρεύουν
5	1	49	1	1	2	1808	351	91	28	68.963127	ἐκούρευε.
4	1	49	1	2	0	1550	387	349	27	-1	
5	1	49	1	2	1	1550	387	117	22	44.991119	ἀκανόνιστα
5	1	49	1	2	2	1684	387	31	22	93.219299	τὸν
5	1	49	1	2	3	1733	388	64	25	69.178276	ἁμελῃ
5	1	49	1	2	4	1813	387	86	27	54.280304	μαθητή.
4	1	49	1	3	0	1692	423	207	25	-1	
5	1	49	1	3	1	1692	431	32	17	87.272614	µα,
5	1	49	1	3	2	1745	423	25	21	93.291695	τὰ
5	1	49	1	3	3	1792	423	107	21	76.319656	ἄχλασαι-
4	1	49	1	4	0	1670	458	229	27	-1	
5	1	49	1	4	1	1670	467	63	18	0.000000	λεγαν
5	1	49	1	4	2	1763	458	136	27	61.515472	«κουρόγιδο».
4	1	49	1	5	0	1550	493	350	28	-1	
5	1	49	1	5	1	1550	494	48	21	83.783363	᾿Ἀπὸ
5	1	49	1	5	2	1618	494	20	22	93.295151	τὸ
5	1	49	1	5	3	1655	494	102	27	75.869141	κουρόγ!δο
5	1	49	1	5	4	1772	494	47	27	89.213356	σιγὰ
5	1	49	1	5	5	1834	493	66	28	48.751144	σιχὰ
5	1	49	1	5	6	1891	489	12	36	72.336159	ἔ
4	1	49	1	6	0	1549	538	30	18	-1	
5	1	49	1	6	1	1549	538	30	18	0.000000	γιν
2	1	50	0	0	0	1175	395	54	19	-1	
3	1	50	1	0	0	1175	395	54	19	-1	
4	1	50	1	1	0	1175	395	54	19	-1	
5	1	50	1	1	1	1175	395	54	19	69.133461	μους,
2	1	51	0	0	0	1274	423	50	26	-1	
3	1	51	1	0	0	1274	423	50	26	-1	
4	1	51	1	1	0	1274	423	50	26	-1	
5	1	51	1	1	1	1274	423	50	26	95.000000	 
2	1	52	0	0	0	1175	423	365	164	-1	
3	1	52	1	0	0	1175	423	365	164	-1	
4	1	52	1	1	0	1407	423	109	7	-1	
5	1	52	1	1	1	1407	423	4	6	3.361214	.
5	1	52	1	1	2	1511	423	5	7	22.714569	ς
4	1	52	1	2	0	1324	423	216	28	-1	
5	1	52	1	2	1	1324	432	41	18	35.387718	υση,
5	1	52	1	2	2	1386	423	25	22	93.198708	Οἱ
5	1	52	1	2	3	1432	431	108	20	46.343719	τιμωρού-
5	1	52	1	2	4	1532	419	10	37	96.276863	|
4	1	52	1	3	0	1175	458	349	28	-1	
5	1	52	1	3	1	1175	467	59	18	58.701176	µενοι,
5	1	52	1	3	2	1255	459	48	25	76.373062	ἦπαν
5	1	52	1	3	3	1324	459	16	21	95.296776	οἱ
5	1	52	1	3	4	1356	458	96	28	89.354561	κλέφτες,
5	1	52	1	3	5	1465	454	21	36	96.773933	οἱ
5	1	52	1	3	6	1495	461	29	19	94.210136	δει
4	1	52	1	4	0	1175	494	350	28	-1	
5	1	52	1	4	1	1175	494	39	27	45.995834	λοὶ,
5	1	52	1	4	2	1230	494	16	21	93.280968	οἱ
5	1	52	1	4	3	1264	494	85	27	69.978470	µέθυσοι,
5	1	52	1	4	4	1368	494	16	22	93.254005	οἱ
5	1	52	1	4	5	1403	494	72	28	62.947460	μοιχοὶ,
5	1	52	1	4	6	1491	494	34	22	96.344872	καὶ
4	1	52	1	5	0	1233	529	255	9	-1	
5	1	52	1	5	1	1233	530	3	3	48.434616	|
5	1	52	1	5	2	1310	530	4	6	65.679062	β
5	1	52	1	5	3	1374	529	4	7	43.039417	ς
5	1	52	1	5	4	1456	529	32	9	0.000000	..
4	1	52	1	6	0	1175	531	349	26	-1	
5	1	52	1	6	1	1175	531	76	23	95.603386	πολλές
5	1	52	1	6	2	1269	538	59	19	95.603386	φορές
5	1	52	1	6	3	1343	538	94	19	93.034103	πρόσωπα
5	1	52	1	6	4	1452	538	72	19	89.383728	ἐξέχον
4	1	52	1	7	0	1176	566	76	21	-1	
5	1	52	1	7	1	1176	573	30	14	92.897469	τα.
5	1	52	1	7	2	1225	566	27	20	88.486565	Ἡ
2	1	53	0	0	0	1549	424	148	56	-1	
3	1	53	1	0	0	1549	424	148	56	-1	
4	1	53	1	1	0	1549	424	142	34	-1	
5	1	53	1	1	1	1549	424	142	34	95.000000	  
4	1	53	1	2	0	1549	458	148	22	-1	
5	1	53	1	2	1	1549	458	148	22	95.000000	 
2	1	54	0	0	0	1607	528	292	59	-1	
3	1	54	1	0	0	1607	528	292	59	-1	
4	1	54	1	1	0	1607	528	292	59	-1	
5	1	54	1	1	1	1607	530	89	57	0.000000	ος
5	1	54	1	1	2	1700	529	35	57	0.000000	ο.
5	1	54	1	1	3	1753	529	36	21	96.578873	ἀπὸ
5	1	54	1	1	4	1806	529	22	22	92.875916	τὸ
5	1	54	1	1	5	1843	528	56	28	65.285370	κορόϊ
2	1	55	0	0	0	1580	545	29	22	-1	
3	1	55	1	0	0	1580	545	29	22	-1	
4	1	55	1	1	0	1580	545	29	13	-1	
5	1	55	1	1	1	1580	545	29	13	95.000000	  
4	1	55	1	2	0	1594	558	3	9	-1	
5	1	55	1	2	1	1594	558	3	9	95.000000	 
2	1	56	0	0	0	1538	194	3	405	-1	
3	1	56	1	0	0	1538	194	3	405	-1	
4	1	56	1	1	0	1538	194	3	405	-1	
5	1	56	1	1	1	1538	194	3	405	95.000000	 
2	1	57	0	0	0	1279	565	452	28	-1	
3	1	57	1	0	0	1279	565	452	28	-1	
4	1	57	1	1	0	1279	565	452	28	-1	
5	1	57	1	1	1	1279	565	69	28	92.834061	πρώτη
5	1	57	1	1	2	1369	565	80	22	91.485489	δουλειὰ
5	1	57	1	1	3	1476	565	49	26	92.417641	ἦταν
5	1	57	1	1	4	1549	567	20	19	69.800346	|δο
5	1	57	1	1	5	1582	566	115	26	27.032463	προῆλθε
5	1	57	1	1	6	1683	561	24	36	92.599701	τὸ
5	1	57	1	1	7	1722	574	9	12	78.390930	ρ
2	1	58	0	0	0	1722	585	3	7	-1	
3	1	58	1	0	0	1722	585	3	7	-1	
4	1	58	1	1	0	1722	585	3	7	-1	
5	1	58	1	1	1	1722	585	3	7	51.363861	Ε
2	1	59	0	0	0	1734	564	166	28	-1	
3	1	59	1	0	0	1734	564	166	28	-1	
4	1	59	1	1	0	1734	564	166	28	-1	
5	1	59	1	1	1	1734	566	39	25	0.000000	ἥμα
5	1	59	1	1	2	1786	564	114	28	24.146584	κοραϊδεύώ.
2	1	60	0	0	0	1199	610	695	7	-1	
3	1	60	1	0	0	1199	610	695	7	-1	
4	1	60	1	1	0	1199	610	695	7	-1	
5	1	60	1	1	1	1199	610	695	7	95.000000	 
2	1	61	0	0	0	1213	609	669	171	-1	
3	1	61	1	0	0	1213	609	669	171	-1	
4	1	61	1	1	0	1213	609	669	98	-1	
5	1	61	1	1	1	1213	641	278	49	71.751556	Συνεστίασῃ
5	1	61	1	1	2	1513	647	81	43	96.661552	τοῦ
5	1	61	1	1	3	1616	609	266	98	12.506371	Συνδέσμου
4	1	61	1	2	0	1235	717	613	63	-1	
5	1	61	1	2	1	1235	717	388	63	48.330414	Γεωργπσιάνων
5	1	61	1	2	2	1647	719	201	54	60.076424	᾽Αττικῆς
2	1	62	0	0	0	1195	796	710	1203	-1	
3	1	62	1	0	0	1195	796	704	242	-1	
4	1	62	1	1	0	1224	796	675	29	-1	
5	1	62	1	1	1	1224	797	98	27	92.842781	Μεγάλη
5	1	62	1	1	2	1344	797	109	27	92.456474	ἐπιπυχία
5	1	62	1	1	3	1476	797	129	28	89.722748	ἐσημείωσε
5	1	62	1	1	4	1625	797	13	28	91.910797	ἡ
5	1	62	1	1	5	1662	797	141	27	92.484535	συνεστίαση
5	1	62	1	1	6	1823	797	42	27	93.256088	τῆς
5	1	62	1	1	7	1874	796	25	21	64.202362	δ-
4	1	62	1	2	0	1195	832	702	29	-1	
5	1	62	1	2	1	1195	832	50	21	52.422775	4-75
5	1	62	1	2	2	1267	833	57	28	92.862526	στὴν
5	1	62	1	2	3	1347	833	121	27	90.918755	Κυπριακἡ
5	1	62	1	2	4	1489	832	79	22	68.420609	Ἑστία
5	1	62	1	2	5	1589	833	43	27	93.303040	τῆς
5	1	62	1	2	6	1651	833	116	27	92.187050	γραφικῆς
5	1	62	1	2	7	1795	832	102	27	91.056778	Πλάκας.
4	1	62	1	3	0	1197	867	702	29	-1	
5	1	62	1	3	1	1197	869	25	20	13.385162	“Π
5	1	62	1	3	2	1243	868	147	28	89.521446	ὀργανωτικὴ
5	1	62	1	3	3	1418	868	117	28	48.535591	ἐπιτροπὴ
5	1	62	1	3	4	1566	868	180	27	76.006989	ἀποτελουμένη
5	1	62	1	3	5	1768	867	48	22	93.115860	ἀπὸ
5	1	62	1	3	6	1842	867	57	28	93.115860	τοὺς
4	1	62	1	4	0	1195	900	704	31	-1	
5	1	62	1	4	1	1195	910	19	15	92.295738	κ.
5	1	62	1	4	2	1225	910	19	14	91.252831	κ.
5	1	62	1	4	3	1262	904	44	20	71.079613	᾿Αν.
5	1	62	1	4	4	1325	903	180	22	8.798019	᾽Αντωνόπουλο
5	1	62	1	4	5	1519	903	116	28	93.299332	πρόεδρο,
5	1	62	1	4	6	1653	904	21	20	92.647079	Β.
5	1	62	1	4	7	1693	900	131	31	49.094925	Καραλέµα
5	1	62	1	4	8	1838	903	61	22	90.921822	ἀντι-
4	1	62	1	5	0	1197	938	701	29	-1	
5	1	62	1	5	1	1197	939	114	27	91.061203	πρόεδρο,
5	1	62	1	5	2	1333	940	26	20	49.802326	Δ.
5	1	62	1	5	3	1381	939	100	27	80.814590	Δημάκο
5	1	62	1	5	4	1499	939	81	27	88.257446	ταµία,
5	1	62	1	5	5	1603	940	22	20	88.257446	Γ.
5	1	62	1	5	6	1646	938	174	28	34.848351	Καλαθδρυτινὸὀ,
5	1	62	1	5	7	1842	938	56	29	89.703766	6οη-
4	1	62	1	6	0	1197	974	702	29	-1	
5	1	62	1	6	1	1197	974	100	28	32.976677	θούμενη
5	1	62	1	6	2	1315	975	38	21	96.618820	καὶ
5	1	62	1	6	3	1370	975	48	21	92.746468	ἀπὸ
5	1	62	1	6	4	1436	974	106	27	85.532806	παλλοὺς
5	1	62	1	6	5	1559	974	89	28	91.936844	ἄλλους
5	1	62	1	6	6	1668	974	132	28	91.111969	ἐργάστηκε
5	1	62	1	6	7	1816	974	28	28	89.319885	µέ
5	1	62	1	6	8	1861	974	38	29	93.231705	ζῆ-
4	1	62	1	7	0	1197	1010	323	28	-1	
5	1	62	1	7	1	1197	1011	27	21	88.563744	λο
5	1	62	1	7	2	1239	1011	38	26	96.175316	γιὰ
5	1	62	1	7	3	1291	1011	43	27	93.298759	τὴν
5	1	62	1	7	4	1348	1010	108	28	89.591492	ἐπιτυχία
5	1	62	1	7	5	1472	1017	48	21	96.816765	της.
3	1	62	2	0	0	1196	1045	704	136	-1	
4	1	62	2	1	0	1225	1045	674	29	-1	
5	1	62	2	1	1	1225	1046	165	28	96.310165	Περισσότερα
5	1	62	2	1	2	1410	1046	48	21	96.907959	ἀπὸ
5	1	62	2	1	3	1474	1046	43	21	93.268532	200
5	1	62	2	1	4	1537	1045	88	28	91.107254	ἄτομα,
5	1	62	2	1	5	1641	1046	60	28	94.647820	µέλη
5	1	62	2	1	6	1721	1046	37	21	94.548630	καὶ
5	1	62	2	1	7	1778	1045	62	29	96.806549	φίλοι
5	1	62	2	1	8	1855	1046	44	21	96.683861	τοῦ
4	1	62	2	2	0	1197	1081	702	28	-1	
5	1	62	2	2	1	1197	1082	143	27	89.119804	Συνδέσµου,
5	1	62	2	2	2	1360	1082	109	27	93.301437	πέρασαν
5	1	62	2	2	3	1486	1082	41	27	72.711746	μιὰ
5	1	62	2	2	4	1547	1081	123	28	90.169800	ἀξέχαστη
5	1	62	2	2	5	1689	1081	150	28	69.837563	φυχαγωγικἡ
5	1	62	2	2	6	1850	1081	49	28	73.110321	6ρα
4	1	62	2	3	0	1196	1116	704	49	-1	
5	1	62	2	3	1	1196	1117	52	25	90.396088	δυά,
5	1	62	2	3	2	1263	1117	46	22	92.115738	ποὺ
5	1	62	2	3	3	1324	1117	126	28	55.189442	γλένιησαν
5	1	62	2	3	4	1467	1124	36	15	93.244408	και
5	1	62	2	3	5	1518	1116	109	29	84.936249	χόρεφαν
5	1	62	2	3	6	1642	1118	29	27	86.061829	µέ
5	1	62	2	3	7	1686	1116	158	49	0.000000	Ἀωσαας
5	1	62	2	3	8	1859	1116	41	29	77.575012	μέ-
4	1	62	2	4	0	1196	1152	291	29	-1	
5	1	62	2	4	1	1196	1160	38	20	90.194351	χρι
5	1	62	2	4	2	1250	1154	34	26	93.248917	τὶς
5	1	62	2	4	3	1301	1153	103	28	88.986908	πρωϊνές
5	1	62	2	4	4	1418	1152	69	29	93.104523	ὧρες.
3	1	62	3	0	0	1197	1188	706	306	-1	
4	1	62	3	1	0	1227	1188	673	28	-1	
5	1	62	3	1	1	1227	1189	26	21	90.092293	Ἡ
5	1	62	3	1	2	1271	1189	82	27	60.766926	γιορτὴἡ
5	1	62	3	1	3	1374	1188	74	22	92.578613	ἔδωσε
5	1	62	3	1	4	1465	1189	43	27	70.554649	τὴν
5	1	62	3	1	5	1528	1188	106	28	92.195457	εὐκαιρία
5	1	62	3	1	6	1654	1188	29	21	93.009384	νὰ
5	1	62	3	1	7	1703	1188	159	28	91.194153	συναντηθοῦν
5	1	62	3	1	8	1877	1188	23	22	97.020287	οἱ
4	1	62	3	2	0	1198	1223	702	29	-1	
5	1	62	3	2	1	1198	1225	188	26	91.824944	συμπατριῶτες,
5	1	62	3	2	2	1406	1224	29	21	82.361038	νὰ
5	1	62	3	2	3	1452	1224	99	28	91.459427	σφίξουν
5	1	62	3	2	4	1569	1224	30	28	90.622437	µέ
5	1	62	3	2	5	1616	1224	145	28	91.453850	πατριωτικἠ
5	1	62	3	2	6	1781	1223	89	28	92.681671	ἀγάπη,
5	1	62	3	2	7	1886	1223	14	22	92.951874	ὁ
4	1	62	3	3	0	1197	1259	704	28	-1	
5	1	62	3	3	1	1197	1260	54	26	91.160973	ἕνας
5	1	62	3	3	2	1267	1260	28	21	96.787117	τὸ
5	1	62	3	3	3	1311	1260	54	27	96.791977	χέρι
5	1	62	3	3	4	1379	1261	43	20	93.301094	τοῦ
5	1	62	3	3	5	1439	1259	84	25	93.250893	ἄλλου,
5	1	62	3	3	6	1536	1260	38	21	79.210907	Καὶ
5	1	62	3	3	7	1589	1259	30	22	71.010529	νὰ
5	1	62	3	3	8	1634	1259	91	22	96.540009	δώσουν
5	1	62	3	3	9	1741	1259	44	28	93.303658	τὴν
5	1	62	3	3	10	1798	1259	103	28	92.471275	ὑπόσχε-
4	1	62	3	4	0	1197	1294	703	29	-1	
5	1	62	3	4	1	1197	1302	38	21	96.663391	ση,
5	1	62	3	4	2	1254	1295	30	21	87.027931	νὰ
5	1	62	3	4	3	1302	1295	101	27	96.061432	γίνονται
5	1	62	3	4	4	1425	1295	21	21	93.303894	οἱ
5	1	62	3	4	5	1463	1295	90	28	92.706406	ἐπαφές
5	1	62	3	4	6	1572	1301	57	21	93.254135	τους
5	1	62	3	4	7	1646	1295	40	21	93.254135	πιὸ
5	1	62	3	4	8	1707	1295	93	27	96.183990	συχνές,
5	1	62	3	4	9	1818	1294	38	29	96.183990	γιὰ
5	1	62	3	4	10	1871	1294	29	22	96.497574	νὰ
4	1	62	3	5	0	1197	1322	704	36	-1	
5	1	62	3	5	1	1197	1330	101	28	91.730515	ἐνισχύει
5	1	62	3	5	2	1314	1330	68	28	91.684105	ἠθικὰ
5	1	62	3	5	3	1399	1330	12	22	92.771263	ὁ
5	1	62	3	5	4	1426	1330	54	28	91.955223	ἕνας
5	1	62	3	5	5	1495	1330	42	21	91.963371	τὸν
5	1	62	3	5	6	1552	1330	80	22	91.963371	ἄλλον.
5	1	62	3	5	7	1650	1322	59	29	0.000000	᾽Απὸ
5	1	62	3	5	8	1723	1330	90	27	93.281685	τέτοιες
5	1	62	3	5	9	1827	1337	74	14	92.494019	συναν
4	1	62	3	6	0	1197	1365	705	29	-1	
5	1	62	3	6	1	1197	1365	79	28	92.154198	τήσεις
5	1	62	3	6	2	1292	1366	54	21	92.154198	ὅλοι
5	1	62	3	6	3	1363	1372	47	22	91.844360	µας
5	1	62	3	6	4	1429	1365	88	28	91.844360	ἔχουμε
5	1	62	3	6	5	1534	1365	98	29	90.338531	ἀνάγκη,
5	1	62	3	6	6	1651	1366	39	27	90.838638	γιὰ
5	1	62	3	6	7	1706	1365	28	22	93.300400	νὰ
5	1	62	3	6	8	1754	1366	148	27	84.908073	ξαναζωντα-
4	1	62	3	7	0	1198	1401	704	28	-1	
5	1	62	3	7	1	1198	1401	59	21	86.225090	νεύει
5	1	62	3	7	2	1271	1401	63	28	95.257393	µέσα
5	1	62	3	7	3	1351	1408	55	21	92.881844	µας,
5	1	62	3	7	4	1423	1402	29	21	93.303612	τὸ
5	1	62	3	7	5	1470	1401	96	28	75.485779	ὄμορφο
5	1	62	3	7	6	1581	1401	123	22	95.509590	Μπαλκόνι
5	1	62	3	7	7	1722	1402	43	21	93.300430	τοῦ
5	1	62	3	7	8	1782	1401	120	27	39.992706	Ταῦγέτου
4	1	62	3	8	0	1197	1436	706	30	-1	
5	1	62	3	8	1	1197	1437	30	29	59.875267	μέ
5	1	62	3	8	2	1242	1437	31	21	95.510689	τὰ
5	1	62	3	8	3	1288	1437	162	27	89.370605	κρυστάλλινα
5	1	62	3	8	4	1463	1437	60	27	88.369064	νερὰ
5	1	62	3	8	5	1537	1437	37	21	82.064560	καὶ
5	1	62	3	8	6	1590	1437	42	28	96.265144	τὴν
5	1	62	3	8	7	1646	1436	103	22	3.122017	πλούσια
5	1	62	3	8	8	1766	1436	137	28	90.755432	πρασινάδα
4	1	62	3	9	0	1198	1480	49	14	-1	
5	1	62	3	9	1	1198	1480	49	14	96.422760	του.
3	1	62	4	0	0	1199	1507	703	99	-1	
4	1	62	4	1	0	1228	1507	674	29	-1	
5	1	62	4	1	1	1228	1508	33	22	93.299698	Τὸ
5	1	62	4	1	2	1276	1508	64	28	90.840843	χορὸ
5	1	62	4	1	3	1359	1508	78	27	92.462067	ἄνοιξε
5	1	62	4	1	4	1453	1508	29	21	95.977913	τὸ
5	1	62	4	1	5	1498	1508	71	22	93.265213	Διοικ.
5	1	62	4	1	6	1589	1507	134	29	32.651108	Συμδούλιο
5	1	62	4	1	7	1742	1508	30	28	86.392776	µέ
5	1	62	4	1	8	1790	1508	112	28	50.042305	Καλαμα-
4	1	62	4	2	0	1199	1542	703	28	-1	
5	1	62	4	2	1	1199	1543	65	21	75.279160	τιανὸ
5	1	62	4	2	2	1277	1544	38	20	85.119537	καὶ
5	1	62	4	2	3	1332	1543	112	27	63.186390	Τσάµικο.
5	1	62	4	2	4	1462	1543	67	21	85.165794	Μετὰ
5	1	62	4	2	5	1545	1543	21	21	90.944298	οἱ
5	1	62	4	2	6	1582	1543	81	27	80.792023	νεαροὶ
5	1	62	4	2	7	1680	1543	181	27	88.146278	Γεωργιτσιάνοι
5	1	62	4	2	8	1870	1542	32	28	92.884155	χό
4	1	62	4	3	0	1199	1577	586	29	-1	
5	1	62	4	3	1	1199	1578	75	27	80.365936	ρεψαν
5	1	62	4	3	2	1289	1578	148	28	88.224030	Ἑλληνικοὺς
5	1	62	4	3	3	1450	1578	37	21	93.294678	καὶ
5	1	62	4	3	4	1504	1577	170	28	92.266144	Εὐρωπαϊκοὺς
5	1	62	4	3	5	1687	1577	98	29	96.529541	χορούς.
3	1	62	5	0	0	1199	1613	706	136	-1	
4	1	62	5	1	0	1228	1613	676	29	-1	
5	1	62	5	1	1	1228	1614	88	27	96.501968	Πρέπει
5	1	62	5	1	2	1333	1614	28	21	93.302971	νὰ
5	1	62	5	1	3	1377	1614	102	21	90.771019	τονισθεῖ
5	1	62	5	1	4	1495	1613	13	28	92.680870	ἡ
5	1	62	5	1	5	1526	1613	78	28	92.902878	ἀθρόα
5	1	62	5	1	6	1618	1613	153	29	96.181259	προσέλευση
5	1	62	5	1	7	1787	1615	43	27	93.281197	τῆς
5	1	62	5	1	8	1844	1613	60	23	92.457451	Νεο-
4	1	62	5	2	0	1199	1648	706	30	-1	
5	1	62	5	2	1	1199	1649	69	27	41.868904	λαίΐας
5	1	62	5	2	2	1283	1650	43	21	93.291786	τοῦ
5	1	62	5	2	3	1340	1649	164	28	89.138214	Γεωργιτσίου.
5	1	62	5	2	4	1518	1649	64	22	92.552628	Αὐτὸ
5	1	62	5	2	5	1595	1650	47	27	91.852448	μᾶς
5	1	62	5	2	6	1657	1648	75	24	92.939133	ἔδωσε
5	1	62	5	2	7	1746	1649	113	29	91.694855	ἰδιαίτερη
5	1	62	5	2	8	1870	1656	35	21	96.947433	χα
4	1	62	5	3	0	1199	1685	705	28	-1	
5	1	62	5	3	1	1199	1685	38	28	63.135963	ρά.
5	1	62	5	3	2	1261	1685	43	27	72.323227	"Ας
5	1	62	5	3	3	1321	1685	157	28	87.280907	ἀγαπήσουμε
5	1	62	5	3	4	1495	1685	43	28	96.197502	τὴν
5	1	62	5	3	5	1555	1685	61	28	91.762543	Καλή
5	1	62	5	3	6	1630	1692	47	21	94.942116	µας
5	1	62	5	3	7	1695	1685	114	25	95.617851	Νεολαία,
5	1	62	5	3	8	1824	1685	47	22	93.306084	ποὺ
5	1	62	5	3	9	1882	1685	22	22	48.815819	ἔ-
4	1	62	5	4	0	1199	1721	706	28	-1	
5	1	62	5	4	1	1199	1728	36	21	84.367531	χει
5	1	62	5	4	2	1252	1721	85	27	92.374138	ἀρετές
5	1	62	5	4	3	1353	1721	135	28	84.314377	ἐφάμηλλες
5	1	62	5	4	4	1507	1721	37	21	93.302742	καὶ
5	1	62	5	4	5	1560	1721	56	27	92.862366	ἴσως
5	1	62	5	4	6	1634	1721	130	28	96.912567	Καλύτερες
5	1	62	5	4	7	1780	1721	49	22	96.882553	ἀπὸ
5	1	62	5	4	8	1847	1721	58	28	96.490005	τοὺς
3	1	62	6	0	0	1199	1757	705	99	-1	
4	1	62	6	1	0	1199	1757	704	28	-1	
5	1	62	6	1	1	1199	1757	127	27	0.000000	μεγάλους,
5	1	62	6	1	2	1346	1757	71	27	92.493683	ἔχουν
5	1	62	6	1	3	1445	1757	62	27	88.704880	µέσα
5	1	62	6	1	4	1527	1763	56	21	91.838356	τους
5	1	62	6	1	5	1601	1757	132	27	66.623184	Κρυµένους
5	1	62	6	1	6	1759	1757	144	28	96.436783	θησαυρούς.
4	1	62	6	2	0	1203	1792	701	43	-1	
5	1	62	6	2	1	1203	1793	43	26	95.548752	"Ας
5	1	62	6	2	2	1263	1792	56	28	93.298073	τοὺς
5	1	62	6	2	3	1336	1792	93	28	86.002960	δίνουµε
5	1	62	6	2	4	1446	1792	91	28	93.299286	τέτοιες
5	1	62	6	2	5	1553	1792	123	28	92.568024	εὐκαιρίες,
5	1	62	6	2	6	1691	1793	59	42	47.490887	κ
5	1	62	6	2	7	1745	1792	29	22	40.477905	νἁἀ
5	1	62	6	2	8	1791	1792	57	28	92.973351	τοὺς
5	1	62	6	2	9	1863	1799	41	16	66.267937	Κα-
4	1	62	6	3	0	1199	1823	252	38	-1	
5	1	62	6	3	1	1199	1823	149	38	51.471668	μαρώνουμε.
5	1	62	6	3	2	1448	1841	3	1	66.598862	-
3	1	62	7	0	0	1199	1863	706	136	-1	
4	1	62	7	1	0	1229	1863	674	29	-1	
5	1	62	7	1	1	1229	1864	42	21	91.892601	Πιὸ
5	1	62	7	1	2	1292	1864	64	21	93.003098	Κάτω
5	1	62	7	1	3	1377	1863	159	28	18.988632	δημοσιεύοµε
5	1	62	7	1	4	1559	1863	42	22	95.763275	δύο
5	1	62	7	1	5	1621	1864	166	28	96.130112	φωτογραφίες
5	1	62	7	1	6	1809	1863	49	23	95.514664	ἀπὸ
5	1	62	7	1	7	1873	1863	30	29	95.237564	τὴ
4	1	62	7	2	0	1200	1899	705	32	-1	
5	1	62	7	2	1	1200	1900	144	31	38.936264	συνεστίασῃ
5	1	62	7	2	2	1356	1899	68	28	85.081352	αὐτὴ.
5	1	62	7	2	3	1441	1899	143	28	75.787346	Λυπούμεθα
5	1	62	7	2	4	1600	1900	26	21	96.666542	δέ
5	1	62	7	2	5	1642	1899	47	22	89.284111	ποὺ
5	1	62	7	2	6	1707	1899	13	23	91.095009	ὁ
5	1	62	7	2	7	1737	1900	82	27	91.983582	χῶρος
5	1	62	7	2	8	1828	1900	44	28	93.301437	τῆς
5	1	62	7	2	9	1882	1899	23	22	66.285156	ἐ-
4	1	62	7	3	0	1200	1935	705	29	-1	
5	1	62	7	3	1	1200	1935	131	28	54.653748	φηµερίδας
5	1	62	7	3	2	1345	1942	46	21	96.487137	µας
5	1	62	7	3	3	1407	1935	58	22	93.299774	εἶναι
5	1	62	7	3	4	1480	1935	84	28	70.953041	μικρὸς
5	1	62	7	3	5	1580	1935	37	21	95.989494	Καὶ
5	1	62	7	3	6	1634	1935	39	22	90.766136	δέν
5	1	62	7	3	7	1688	1936	127	27	72.719086	μποροῦμε
5	1	62	7	3	8	1825	1935	29	22	82.734352	νὰ
5	1	62	7	3	9	1864	1935	41	29	92.014008	δη-
4	1	62	7	4	0	1199	1970	674	29	-1	
5	1	62	7	4	1	1199	1971	159	28	77.089478	μοσιεύσουµε
5	1	62	7	4	2	1376	1971	46	21	91.538292	ὅλα
5	1	62	7	4	3	1437	1970	31	22	91.634575	τὰ
5	1	62	7	4	4	1484	1970	107	28	92.132660	ὀνόματα
5	1	62	7	4	5	1606	1972	47	20	93.294441	τῶν
5	1	62	7	4	6	1670	1971	203	27	91.706223	παρευρεθέντων.
2	1	63	0	0	0	782	2012	1132	1034	-1	
3	1	63	1	0	0	782	2012	1132	1034	-1	
4	1	63	1	1	0	1174	2012	632	42	-1	
5	1	63	1	1	1	1174	2012	632	42	95.000000	 
4	1	63	1	2	0	1174	2054	706	36	-1	
5	1	63	1	2	1	1174	2054	706	36	95.000000	 
4	1	63	1	3	0	1174	2090	732	26	-1	
5	1	63	1	3	1	1174	2090	732	26	95.000000	 
4	1	63	1	4	0	1174	2116	736	29	-1	
5	1	63	1	4	1	1174	2116	736	29	95.000000	 
4	1	63	1	5	0	1174	2145	738	26	-1	
5	1	63	1	5	1	1174	2145	738	26	95.000000	 
4	1	63	1	6	0	1172	2171	740	50	-1	
5	1	63	1	6	1	1172	2171	740	50	95.000000	  
4	1	63	1	7	0	1172	2221	740	32	-1	
5	1	63	1	7	1	1172	2221	740	32	95.000000	 
4	1	63	1	8	0	1172	2253	740	40	-1	
5	1	63	1	8	1	1172	2253	740	40	95.000000	 
4	1	63	1	9	0	1172	2293	740	35	-1	
5	1	63	1	9	1	1172	2293	740	35	95.000000	 
4	1	63	1	10	0	782	2328	1132	718	-1	
5	1	63	1	10	1	782	2328	1132	718	95.000000	  
